0 NAVSTAR 43 (USA 132)
1 24876U 97035A   23253.08088881 -.00000032  00000-0  00000+0 0  9992
2 24876  55.5882 138.1203 0072825  52.4584 308.2663  2.00564172191479
0 NAVSTAR 43 (USA 132)
1 24876U 97035A   23253.08088897 -.00000032  00000-0  00000-0 0  9990
2 24876  55.5882 138.1203 0072834  52.4562 308.2687  2.00564179191670
0 NAVSTAR 47 (USA 150)
1 26360U 00025A   23253.45784953 -.00000032  00000-0  00000-0 0  9990
2 26360  54.4382  60.3514 0041523 199.5491 162.5081  2.00570452171004
0 NAVSTAR 47 (USA 150)
1 26360U 00025A   23253.95283279 -.00000030  00000-0  00000+0 0  9997
2 26360  54.4387  60.3311 0041528 199.5738 159.8992  2.00570424171002
0 NAVSTAR 48 (USA 151)
1 26407U 00040A   23253.18371573  .00000040  00000-0  00000+0 0  9996
2 26407  55.2012 255.3671 0155573 291.5515  75.2688  2.00570807169662
0 NAVSTAR 48 (USA 151)
1 26407U 00040A   23253.41849954  .00000038  00000-0  00000-0 0  9993
2 26407  55.2011 255.3578 0155564 291.5543 244.7981  2.00570810169672
0 NAVSTAR 51 (USA 166)
1 27663U 03005A   23253.61293399  .00000037  00000-0  00000-0 0  9999
2 27663  55.2431 255.1602 0132046  44.7073  48.9576  2.00565724151049
0 NAVSTAR 51 (USA 166)
1 27663U 03005A   23253.99747021  .00000034  00000-0  00000+0 0  9992
2 27663  55.2430 255.1448 0132058  44.7077 326.6152  2.00565704151047
0 NAVSTAR 52 (USA 168)
1 27704U 03010A   23253.16404509 -.00000115  00000-0  00000-0 0  9996
2 27704  55.1156   5.1360 0248841 318.8692  29.1413  2.00575289149826
0 NAVSTAR 54 (USA 177)
1 28190U 04009A   23253.29979392 -.00000059  00000-0  00000-0 0  9993
2 28190  55.6856 316.2325 0092841 138.9752 244.9982  2.00567251142674
0 NAVSTAR 56 (USA 180)
1 28474U 04045A   23253.16687937 -.00000114  00000-0  00000-0 0  9997
2 28474  55.4427   5.4590 0162083 282.4377  61.0858  2.00554993138142
0 ANIK F1-R
1 28868U 05036A   23253.51371049 -.00000086  00000-0  00000-0 0  9996
2 28868   1.7032  88.9569 0002404  44.3893 293.5586  1.00272358 36312
0 ANIK F1-R
1 28868U 05036A   23253.62641128 -.00000086  00000-0  00000+0 0  9995
2 28868   1.7035  88.9556 0002395  44.6941 333.9387  1.00272351 66029
0 NAVSTAR 57 (USA 183)
1 28874U 05038A   23253.30523014 -.00000053  00000-0  00000-0 0  9997
2 28874  55.7368 313.6844 0139685 279.5950 129.9963  2.00575192131569
0 INMARSAT 4-F2
1 28899U 05044A   23253.08721222  .00000000  00000-0  00000+0 0  9997
2 28899   3.8612  40.6994 0002697 143.8753 259.5921  1.00271008 65367
0 NAVSTAR 58 (USA 190)
1 29486U 06042A   23253.58848727 -.00000034  00000-0  00000-0 0  9993
2 29486  54.6842 191.4079 0103271  32.2732 123.4066  2.00569457124124
0 NAVSTAR 58 (USA 190)
1 29486U 06042A   23253.86059163 -.00000034  00000-0  00000+0 0  9991
2 29486  54.6842 191.3972 0103282  32.2833 319.8762  2.00569443124274
0 NAVSTAR 59 (USA 192)
1 29601U 06052A   23253.29323598  .00000039  00000-0  00000+0 0  9998
2 29601  55.2642 254.1325 0083316  79.4105 281.5495  2.00549961123177
0 NAVSTAR 59 (USA 192)
1 29601U 06052A   23253.29323598  .00000039  00000-0  00000-0 0  9999
2 29601  55.2642 254.1325 0083316  79.4105 281.5495  2.00549961123133
0 NAVSTAR 60 (USA 196)
1 32260U 07047A   23253.10921130 -.00000020  00000-0  00000-0 0  9996
2 32260  53.4671 121.9014 0151610  70.7720 290.9439  2.00551251116539
0 NAVSTAR 61 (USA 199)
1 32384U 07062A   23253.41084142 -.00000054  00000-0  00000-0 0  9994
2 32384  55.8688 314.5022 0024843 150.7045 197.4852  2.00559197115238
0 COSMOS 2434 (GLONASS)
1 32393U 07065A   23253.34118469  .00000034  00000-0  00000+0 0  9995
2 32393  64.3366 226.1013 0000335  75.8505 335.1816  2.13103122122261
0 COSMOS 2434 (GLONASS)
1 32393U 07065A   23253.50434664  .00000032  00000-0  00000-0 0  9990
2 32393  64.3366 226.0958 0000337  75.5817 100.6235  2.13103123122231
0 NAVSTAR 62 (USA 201)
1 32711U 08012A   23253.02310445 -.00000033  00000-0  00000-0 0  9996
2 32711  54.4517 190.2600 0177574 235.8887 122.3981  2.00557469113472
0 NAVSTAR 64 (USA 206)
1 35752U 09043A   23253.50947449 -.00000017  00000-0  00000-0 0  9994
2 35752  55.4392  67.4705 0058313  69.1859 298.6764  2.00557705103095
0 COSMOS 2456 (GLONASS)
1 36111U 09070A   23253.32931878  .00000026  00000-0  00000+0 0  9991
2 36111  64.4928 105.6002 0002003 336.2855 224.7401  2.13099301106924
0 COSMOS 2456 (GLONASS)
1 36111U 09070A   23253.32931878  .00000026  00000-0  00000-0 0  9992
2 36111  64.4928 105.6002 0002003 336.2855 224.7401  2.13099301106889
0 NAVSTAR 65 (USA 213)
1 36585U 10022A   23253.37962118  .00000036  00000-0  00000-0 0  9993
2 36585  54.5636 249.3423 0109381  59.6656 331.0604  2.00562335 97328
0 BEIDOU 5
1 36828U 10036A   23253.34073848 -.00000165  00000-0  00000-0 0  9992
2 36828  54.2359 172.1179 0036609 188.8107 217.4839  1.00251892 48073
0 BEIDOU 5
1 36828U 10036A   23253.66357324 -.00000165  00000-0  00000+0 0  9990
2 36828  54.2360 172.1150 0036600 188.7983 334.0126  1.00251805 48097
0 BEIDOU 6
1 37210U 10057A   23253.45676740 -.00000124  00000-0  00000+0 0  9997
2 37210   1.1891  61.1422 0006333 155.4363  96.9958  1.00271706 47150
0 BEIDOU 6
1 37210U 10057A   23253.60847358 -.00000124  00000-0  00000-0 0  9990
2 37210   1.1894  61.1414 0006332 155.5038 151.6929  1.00271704 47158
0 BEIDOU 7
1 37256U 10068A   23253.52619958 -.00000158  00000-0  00000+0 0  9992
2 37256  49.3972 284.2286 0032513 212.2927 150.3788  1.00282457 46652
0 BEIDOU 7
1 37256U 10068A   23253.52619958 -.00000158  00000-0  00000-0 0  9993
2 37256  49.3972 284.2286 0032513 212.2927 150.3788  1.00282457 46663
0 BEIDOU 8
1 37384U 11013A   23253.30520727 -.00000154  00000-0  00000-0 0  9993
2 37384  60.9493  49.8358 0027952 174.5874 342.6655  1.00280676 45523
0 BEIDOU 8
1 37384U 11013A   23253.87292284 -.00000153  00000-0  00000+0 0  9997
2 37384  60.9501  49.8305 0027960 174.6698 187.5346  1.00280582 45540
0 GSAT 8
1 37605U 11022A   23253.15709635  .00000073  00000-0  00000+0 0  9997
2 37605   0.0156 114.7028 0005321 134.8669 210.9916  1.00273868 45109
0 GSAT 8
1 37605U 11022A   23253.44374867  .00000072  00000-0  00000-0 0  9994
2 37605   0.0156 113.4120 0005331 136.1020 314.5269  1.00273989 43086
0 BEIDOU 9
1 37763U 11038A   23253.28314248 -.00000150  00000-0  00000+0 0  9992
2 37763  54.5100 174.6608 0112029 228.1251 143.7595  1.00273083 44502
0 BEIDOU 9
1 37763U 11038A   23253.28314248 -.00000150  00000-0  00000-0 0  9993
2 37763  54.5100 174.6608 0112029 228.1251 143.7595  1.00273083 44513
0 GALILEO-PFM
1 37846U 11060A   23253.16258475 -.00000107  00000-0  00000+0 0  9997
2 37846  57.1103   9.1418 0001468  75.8277 284.1905  1.70476076 74014
0 GALILEO-FM2
1 37847U 11060B   23253.37447872 -.00000106  00000-0  00000+0 0  9991
2 37847  57.1107   9.1360 0001203 335.5252 200.7979  1.70475470 74013
0 GALILEO-FM2
1 37847U 11060B   23253.37447872 -.00000106  00000-0  00000-0 0  9992
2 37847  57.1107   9.1360 0001203 335.5252 200.7979  1.70475470 73898
0 COSMOS 2476 (GLONASS)
1 37867U 11064A   23253.43888307  .00000027  00000-0  00000+0 0  9997
2 37867  64.7723 107.1262 0021194 232.0516 322.3900  2.13101839 92274
0 COSMOS 2476 (GLONASS)
1 37867U 11064A   23253.43888307  .00000027  00000-0  00000-0 0  9998
2 37867  64.7723 107.1262 0021194 232.0516 322.3900  2.13101839 92229
0 COSMOS 2477 (GLONASS)
1 37868U 11064B   23253.42704035  .00000027  00000-0  00000+0 0  9992
2 37868  64.7796 107.1962 0018406 232.3486 130.8906  2.13101739 92236
0 COSMOS 2477 (GLONASS)
1 37868U 11064B   23253.42704035  .00000027  00000-0  00000-0 0  9993
2 37868  64.7796 107.1962 0018406 232.3486 130.8906  2.13101739 92225
0 COSMOS 2475 (GLONASS)
1 37869U 11064C   23253.24632861  .00000024  00000-0  00000+0 0  9997
2 37869  64.7864 107.2145 0022534 250.6909 292.3981  2.13102104 92231
0 COSMOS 2475 (GLONASS)
1 37869U 11064C   23253.24632861  .00000024  00000-0  00000-0 0  9998
2 37869  64.7864 107.2145 0022534 250.6909 292.3981  2.13102104 92220
0 BEIDOU 10
1 37948U 11073A   23253.43670021 -.00000111  00000-0  00000+0 0  9994
2 37948  49.5227 283.8980 0095184 220.3725  98.1062  1.00271667 43269
0 BEIDOU 10
1 37948U 11073A   23253.43670021 -.00000111  00000-0  00000-0 0  9995
2 37948  49.5227 283.8980 0095184 220.3725  98.1062  1.00271667 42998
0 LUCH 5A
1 37951U 11074B   23253.04951153 -.00000058  00000-0  00000+0 0  9994
2 37951   6.1565  89.5946 0004478  72.3388  11.8178  1.00269149 43055
0 LUCH 5A
1 37951U 11074B   23253.57969669 -.00000058  00000-0  00000-0 0  9994
2 37951   6.1578  89.5854 0004465  72.4865 203.0636  1.00269237 42910
0 BEIDOU 11
1 38091U 12008A   23253.00466111  .00000045  00000-0  00000+0 0  9994
2 38091   1.7224  68.5126 0003486 174.7181 165.9234  1.00275002 42336
0 BEIDOU 11
1 38091U 12008A   23253.15787955  .00000045  00000-0  00000-0 0  9993
2 38091   1.7227  68.5182 0003493 174.7416 221.2059  1.00275056 42239
0 BEIDOU 13
1 38251U 12018B   23253.03631369 -.00000109  00000-0  00000+0 0  9997
2 38251  56.4185 337.9789 0014555 255.3423 104.5382  1.86231982 77467
0 BEIDOU 13
1 38251U 12018B   23253.03631369 -.00000109  00000-0  00000-0 0  9998
2 38251  56.4185 337.9789 0014555 255.3423 104.5382  1.86231982 77119
0 SES 5
1 38652U 12036A   23253.29050192  .00000022  00000-0  00000-0 0  9993
2 38652   0.0543 309.5333 0001973 227.7636 281.3197  1.00271390 34356
0 SES 5
1 38652U 12036A   23253.64877606  .00000022  00000-0  00000+0 0  9998
2 38652   0.0541 310.0737 0002096 228.0781  49.8001  1.00273237 40935
0 GSAT 10
1 38779U 12051B   23253.52102470 -.00000177  00000-0  00000-0 0  9995
2 38779   0.0476 270.0879 0002153 343.3508   6.4176  1.00270843 39981
0 NAVSTAR 67 (USA 239)
1 38833U 12053A   23253.20006746 -.00000040  00000-0  00000-0 0  9991
2 38833  53.5125 184.9533 0142361  52.0465 309.2162  2.00567345 79168
0 GALILEO-FM3
1 38857U 12055A   23253.78836847 -.00000007  00000-0  00000-0 0  9998
2 38857  55.2842 129.3154 0002603 264.1701  95.8856  1.70473828 67785
0 BEIDOU 16
1 38953U 12059A   23253.37787258 -.00000185  00000-0  00000-0 0  9992
2 38953   1.8401  81.9214 0006952 310.0270 177.1623  1.00268543 39776
0 LUCH 5B
1 38977U 12061A   23253.28615080 -.00000144  00000-0  00000-0 0  9999
2 38977   8.2682  59.0722 0005724 112.9437 263.7704  1.00273386 39485
0 COSMOS 2485 (GLONASS)
1 39155U 13019A   23253.12743426  .00000023  00000-0  00000+0 0  9995
2 39155  64.9324 107.6616 0021712 227.9998 131.9020  2.13102037 80732
0 COSMOS 2485 (GLONASS)
1 39155U 13019A   23253.12743426  .00000023  00000-0  00000-0 0  9996
2 39155  64.9324 107.6616 0021712 227.9998 131.9020  2.13102037 80732
0 NAVSTAR 68 (USA 242)
1 39166U 13023A   23253.06245133 -.00000046  00000-0  00000-0 0  9994
2 39166  55.3521 309.8874 0114316  41.6903 319.2430  2.00564382 75606
0 NAVSTAR 69 (USA 248)
1 39533U 14008A   23253.06126169 -.00000034  00000-0  00000+0 0  9999
2 39533  53.5997 190.5174 0067206 215.7409 143.7897  2.00552053 69959
0 NAVSTAR 69 (USA 248)
1 39533U 14008A   23253.06126169 -.00000034  00000-0  00000-0 0  9990
2 39533  53.5997 190.5174 0067206 215.7409 143.7897  2.00552053 69409
0 ASTRA 5B
1 39617U 14011B   23253.29415687  .00000125  00000-0  00000+0 0  9997
2 39617   0.0837 302.1555 0003235 254.9139 281.3770  1.00270771 34733
0 ASTRA 5B
1 39617U 14011B   23253.29415687  .00000125  00000-0  00000-0 0  9998
2 39617   0.0837 302.1555 0003235 254.9139 281.3770  1.00270771 34531
0 IRNSS 1B
1 39635U 14017A   23253.08555878  .00000115  00000-0  00000+0 0  9996
2 39635  28.6945 257.5686 0019724 192.3906 344.8113  1.00276407 34642
0 IRNSS 1B
1 39635U 14017A   23253.08555878  .00000115  00000-0  00000-0 0  9997
2 39635  28.6945 257.5686 0019724 192.3906 344.8113  1.00276407 34653
0 LUCH 5V
1 39727U 14023A   23253.02172309 -.00000280  00000-0  00000+0 0  9997
2 39727   2.5874  77.2614 0003711 136.5367 237.5291  1.00269513552374
0 LUCH 5V
1 39727U 14023A   23253.57722644 -.00000279  00000-0  00000-0 0  9999
2 39727   2.5887  77.2592 0003721 136.6682  77.9237  1.00269344 34222
0 NAVSTAR 70 (USA 251)
1 39741U 14026A   23253.34280506 -.00000109  00000-0  00000+0 0  9990
2 39741  56.6972  10.7569 0029161 310.6888  49.0653  2.00556862 68254
0 NAVSTAR 70 (USA 251)
1 39741U 14026A   23253.34280506 -.00000109  00000-0  00000-0 0  9991
2 39741  56.6972  10.7569 0029161 310.6888  49.0653  2.00556862 68265
0 COSMOS 2500 (GLONASS)
1 40001U 14032A   23253.26609086 -.00000096  00000-0  00000-0 0  9993
2 40001  65.7043 347.8976 0008131 199.5477 160.4524  2.13106022 71918
0 NAVSTAR 71 (USA 256)
1 40105U 14045A   23253.92455781 -.00000013  00000-0  00000-0 0  9995
2 40105  54.8147 128.8087 0025111 113.2666 247.0776  2.00578241 65812
0 GALILEO 6 (262)
1 40129U 14050B   23253.53129272 -.00000066  00000-0  00000-0 0  9995
2 40129  49.9487 313.3910 1606589 141.4222 231.2491  1.85520059 61734
0 IRNSS 1C
1 40269U 14061A   23253.52102470 -.00000173  00000-0  00000-0 0  9991
2 40269   3.9774 112.5202 0019948  18.3162 129.0116  1.00269739 32550
0 IRNSS 1C
1 40269U 14061A   23253.80267388 -.00000172  00000-0  00000+0 0  9990
2 40269   3.9780 112.5112 0019943  18.3389 230.6672  1.00269695 32695
0 NAVSTAR 72 (USA 258)
1 40294U 14068A   23253.80346463 -.00000010  00000-0  00000-0 0  9999
2 40294  56.1834  70.2064 0049137  62.0822 298.4643  2.00572359 64943
0 NAVSTAR 72 (USA 258)
1 40294U 14068A   23253.80346464 -.00000010  00000-0  00000-0 0  9990
2 40294  56.1834  70.2064 0049137  62.0830 298.4635  2.00572358 64942
0 COSMOS 2501 (GLONASS)
1 40315U 14075A   23253.04679255  .00000035  00000-0  00000+0 0  9990
2 40315  63.6401 225.4604 0019930 211.2480 148.6231  2.13101373 68301
0 COSMOS 2501 (GLONASS)
1 40315U 14075A   23253.04679263  .00000035  00000-0  00000-0 0  9990
2 40315  63.6401 225.4604 0019926 211.2469 148.6242  2.13101373 68305
0 COSMOS 2501 (GLONASS)
1 40315U 14075A   23253.51605028  .00000030  00000-0  00000-0 0  9995
2 40315  63.6400 225.4440 0019916 211.2278 148.6420  2.13101378 68313
0 NAVSTAR 73 (USA 260)
1 40534U 15013A   23253.44130532  .00000030  00000-0  00000-0 0  9996
2 40534  53.4622 246.0366 0080647  25.3574 335.0429  2.00554401 61552
0 IRNSS 1D
1 40547U 15018A   23253.87791877 -.00000273  00000-0  00000+0 0  9996
2 40547  28.0607 257.5245 0019669 188.5549 331.4353  1.00271929 31115
0 IRNSS 1D
1 40547U 15018A   23253.93452205 -.00000273  00000-0  00000-0 0  9993
2 40547  28.0623 257.5229 0019929 192.5054 347.9317  1.00271792 30850
0 BD-17
1 40549U 15019A   23253.57576616 -.00000138  00000-0  00000-0 0  9999
2 40549  51.0876 307.4979 0040988 196.0238 146.4196  1.00255414 30936
0 BD-17
1 40549U 15019A   23253.64993788 -.00000138  00000-0  00000+0 0  9999
2 40549  51.0874 307.4971 0040984 196.0234 173.1905  1.00255406 30945
0 NAVSTAR 74 (USA 262)
1 40730U 15033A   23253.10443265 -.00000043  00000-0  00000-0 0  9994
2 40730  54.8405 308.4970 0085386  13.9403 346.3627  2.00555037 59713
0 BD-18
1 40748U 15037A   23253.23900494 -.00000107  00000-0  00000-0 0  9994
2 40748  55.6586 336.5679 0011502 241.6533 118.2747  1.86233333 55295
0 GALILEO 10 (206)
1 40890U 15045B   23253.18432239  .00000037  00000-0  00000-0 0  9993
2 40890  55.3599 249.5298 0002408 325.4744  34.5195  1.70473385 49807
0 BD-20
1 40938U 15053A   23253.52337656 -.00000086  00000-0  00000+0 0  9994
2 40938  50.8002 270.6710 0048062 194.3832 168.8562  1.00282263 29218
0 BD-20
1 40938U 15053A   23253.52337656 -.00000086  00000-0  00000-0 0  9995
2 40938  50.8002 270.6710 0048062 194.3832 168.8562  1.00282263 29229
0 NAVSTAR 75 (USA 265)
1 41019U 15062A   23253.15691967 -.00000013  00000-0  00000-0 0  9993
2 41019  56.1663  70.0819 0089353 221.0287 138.3439  2.00562402 57553
0 NAVSTAR 75 (USA 265)
1 41019U 15062A   23253.65550423 -.00000010  00000-0  00000+0 0  9995
2 41019  56.1668  70.0624 0089360 221.0357 138.3370  2.00562429 57562
0 GSAT 15
1 41028U 15065A   23253.37978708 -.00000270  00000-0  00000+0 0  9995
2 41028   0.0499 273.2905 0001816 242.7425  63.3509  1.00271993 28726
0 GSAT 15
1 41028U 15065A   23253.52311550 -.00000270  00000-0  00000-0 0  9999
2 41028   0.0495 273.1250 0001814 242.9029 115.0957  1.00271956 28668
0 GALILEO 11 (268)
1 41175U 15079B   23253.57565359 -.00000008  00000-0  00000+0 0  9998
2 41175  55.3002 129.0263 0002460 334.1146  25.9576  1.70474051 48120
0 GALILEO 11 (268)
1 41175U 15079B   23253.57565359 -.00000008  00000-0  00000-0 0  9999
2 41175  55.3002 129.0263 0002460 334.1146  25.9576  1.70474051 47961
0 IRNSS-1E
1 41241U 16003A   23253.61922395 -.00000295  00000-0  00000+0 0  9990
2 41241  30.9907  77.6995 0020493 175.9911  70.5104  1.00273630 28061
0 IRNSS-1E
1 41241U 16003A   23253.61922395 -.00000295  00000-0  00000-0 0  9991
2 41241  30.9907  77.6995 0020493 175.9911  70.5104  1.00273630 27947
0 NAVSTAR 76 (USA 266)
1 41328U 16007A   23253.74707749 -.00000015  00000-0  00000+0 0  9998
2 41328  55.0186 129.5955 0071436 233.8186 125.5960  2.00575402 55613
0 COSMOS 2514 (GLONASS)
1 41330U 16008A   23253.02814360 -.00000097  00000-0  00000+0 0  9991
2 41330  65.5015 347.4855 0011882 208.0994 151.8680  2.13102632 59073
0 COSMOS 2514 (GLONASS)
1 41330U 16008A   23253.02814360 -.00000097  00000-0  00000-0 0  9992
2 41330  65.5015 347.4855 0011882 208.0994 151.8680  2.13102632 59073
0 IRNSS 1F
1 41384U 16015A   23253.22427775  .00000146  00000-0  00000-0 0  9995
2 41384   2.9446 129.5518 0018608 177.0095 155.3547  1.00271315 27526
0 BEIDOU IGSO-6
1 41434U 16021A   23253.33721650 -.00000135  00000-0  00000-0 0  9998
2 41434  58.7635  48.2033 0047357 218.1008 300.7500  1.00282302 27347
0 BEIDOU IGSO-6
1 41434U 16021A   23253.89561618 -.00000134  00000-0  00000+0 0  9993
2 41434  58.7643  48.1979 0047389 218.1341 142.3086  1.00282242 27341
0 IRNSS 1G
1 41469U 16027A   23253.38692292 -.00000347  00000-0  00000+0 0  9990
2 41469   2.8353 131.1993 0002631 355.4585 131.2663  1.00276269 27038
0 IRNSS 1G
1 41469U 16027A   23253.59985346 -.00000347  00000-0  00000-0 0  9999
2 41469   2.8355 131.1832 0002622 355.3830 208.2261  1.00276167 27041
0 GALILEO 13 (26A)
1 41550U 16030B   23253.40152275  .00000037  00000-0  00000+0 0  9995
2 41550  55.5068 249.5059 0004197 275.2275  84.7336  1.70473626 45412
0 GALILEO 13 (26A)
1 41550U 16030B   23253.40152275  .00000037  00000-0  00000-0 0  9996
2 41550  55.5068 249.5059 0004197 275.2275  84.7336  1.70473626 45434
0 BD-2-G7
1 41586U 16037A   23253.58717128 -.00000365  00000-0  00000-0 0  9990
2 41586   1.8847  68.5223 0006684 343.7342 258.9957  1.00268277 26657
0 BD-2-G7
1 41586U 16037A   23253.72847049 -.00000364  00000-0  00000+0 0  9990
2 41586   1.8850  68.5208 0006685 343.6903 310.0464  1.00268205 26651
0 EUTE 117W B
1 41589U 16038B   23253.05122373 -.00000024  00000-0  00000+0 0  9999
2 41589   0.0268  22.7235 0000259  88.9488 138.6048  1.00272282 26560
0 EUTE 117W B
1 41589U 16038B   23253.43372144 -.00000023  00000-0  00000-0 0  9994
2 41589   0.0243  28.6622 0000298  80.5116 279.1809  1.00272274 26520
0 GALILEO 15 (267)
1 41859U 16069A   23253.06329375 -.00000013  00000-0  00000+0 0  9993
2 41859  54.9646 129.1129 0002801 310.1025  49.9541  1.70474079 42389
0 GALILEO 17 (26D)
1 41861U 16069C   23253.28406823 -.00000011  00000-0  00000-0 0  9993
2 41861  54.9643 129.1095 0002370 276.8957  83.1597  1.70472958 42288
0 SES 15
1 42709U 17026A   23253.42636932  .00000048  00000-0  00000+0 0  9999
2 42709   0.0277  43.6287 0000330 163.8020 166.0987  1.00269032 24057
0 SES 15
1 42709U 17026A   23253.55044059  .00000048  00000-0  00000-0 0  9997
2 42709   0.0278  44.5467 0000330 163.2485 210.5209  1.00269059 24003
0 QZS-2
1 42738U 17028A   23253.36006240 -.00000152  00000-0  00000-0 0  9997
2 42738  41.0351 257.7801 0751289 270.1674  91.7727  1.00263415 23010
0 QZS-3
1 42917U 17048A   23253.59885373 -.00000360  00000-0  00000-0 0  9996
2 42917   0.0559 191.6626 0002231   4.7361 135.5915  1.00269538 22124
0 QZS-3
1 42917U 17048A   23253.67616353 -.00000360  00000-0  00000+0 0  9994
2 42917   0.0557 191.3621 0002229   5.0866 163.4486  1.00269500 22239
0 COSMOS 2522 (GLONASS)
1 42939U 17055A   23253.33914440  .00000034  00000-0  00000+0 0  9994
2 42939  64.1005 226.3796 0009679 243.3706 116.5200  2.13102011 46439
0 COSMOS 2522 (GLONASS)
1 42939U 17055A   23253.33914440  .00000034  00000-0  00000-0 0  9995
2 42939  64.1005 226.3796 0009679 243.3706 116.5200  2.13102011 46439
0 QZS-4
1 42965U 17062A   23253.63772147 -.00000344  00000-0  00000+0 0  9995
2 42965  40.6331 356.3656 0748474 269.4109  92.7575  1.00279686 21674
0 QZS-4
1 42965U 17062A   23253.63772147 -.00000344  00000-0  00000-0 0  9996
2 42965  40.6331 356.3656 0748474 269.4109  92.7575  1.00279686 21685
0 BEIDOU 3M1
1 43001U 17069A   23253.04954155  .00000001  00000-0  00000+0 0  9999
2 43001  55.8464  96.6346 0007626 302.2813  57.7274  1.86231795 39776
0 BEIDOU 3M1
1 43001U 17069A   23253.04954155  .00000001  00000-0  00000-0 0  9990
2 43001  55.8464  96.6346 0007626 302.2813  57.7274  1.86231795 39776
0 GALILEO 19 (2C5)
1 43055U 17079A   23253.33335385  .00000037  00000-0  00000+0 0  9998
2 43055  55.4839 249.3325 0003715 269.6420  90.3243  1.70474162 35759
0 GALILEO 19 (2C5)
1 43055U 17079A   23253.91993476  .00000035  00000-0  00000-0 0  9992
2 43055  55.4836 249.3164 0003713 269.9924  89.9720  1.70474163 35763
0 GALILEO 21 (2C7)
1 43057U 17079C   23253.25904149  .00000037  00000-0  00000+0 0  9991
2 43057  55.4823 249.3334 0004629 284.3244  75.6332  1.70474271 35753
0 GALILEO 21 (2C7)
1 43057U 17079C   23253.25904149  .00000037  00000-0  00000-0 0  9992
2 43057  55.4823 249.3334 0004629 284.3244  75.6332  1.70474271 35753
0 GALILEO 21 (2C7)
1 43057U 17079C   23253.84562241  .00000036  00000-0  00000-0 0  9999
2 43057  55.4820 249.3173 0004641 286.0127  73.9434  1.70474276 35764
0 BEIDOU 3M3
1 43107U 18003A   23253.27400800 -.00000108  00000-0  00000-0 0  9993
2 43107  55.1149 337.2808 0003380  78.3784 281.7022  1.86232614 38527
0 BEIDOU 3M5
1 43207U 18018A   23253.11755571  .00000002  00000-0  00000+0 0  9992
2 43207  55.8051  96.7310 0004898  15.6515 344.4467  1.86231727 37919
0 BEIDOU 3M5
1 43207U 18018A   23253.11755571  .00000002  00000-0  00000-0 0  9993
2 43207  55.8051  96.7310 0004898  15.6515 344.4467  1.86231727 37919
0 BEIDOU 3M7
1 43245U 18029A   23253.94395116 -.00000101  00000-0  00000+0 0  9993
2 43245  55.0083 334.9909 0001478 218.0534 141.9839  1.86232917 37083
0 BEIDOU 3M8
1 43246U 18029B   23253.33702057 -.00000104  00000-0  00000-0 0  9997
2 43246  55.0061 335.0404 0002702 353.9879   6.0547  1.86233074 37053
0 IRNSS 1I
1 43286U 18035A   23253.11785689  .00000083  00000-0  00000+0 0  9990
2 43286  29.2636  90.0972 0019590 176.0719 180.2163  1.00274251 19930
0 IRNSS 1I
1 43286U 18035A   23253.11785689  .00000083  00000-0  00000-0 0  9991
2 43286  29.2636  90.0972 0019590 176.0719 180.2163  1.00274251 19930
0 BEIDOU IGSO-7
1 43539U 18057A   23253.72249013 -.00000176  00000-0  00000+0 0  9992
2 43539  55.1201 171.8032 0064321 231.1779 320.1211  1.00281963 19020
0 GALILEO 26 (2C2)
1 43565U 18060B   23253.59692710 -.00000106  00000-0  00000+0 0  9999
2 43565  57.2896   9.0331 0003533 212.6873 147.2929  1.70476025 31988
0 GALILEO 26 (2C2)
1 43565U 18060B   23253.59692710 -.00000106  00000-0  00000-0 0  9990
2 43565  57.2896   9.0331 0003533 212.6873 147.2929  1.70476025 31988
0 GALILEO 23 (2C9)
1 43566U 18060C   23253.81924926 -.00000105  00000-0  00000+0 0  9991
2 43566  57.2888   9.0292 0002017 255.1366 104.8432  1.70476274 31963
0 GALILEO 23 (2C9)
1 43566U 18060C   23253.81924926 -.00000105  00000-0  00000-0 0  9992
2 43566  57.2888   9.0292 0002017 255.1366 104.8432  1.70476274 31963
0 GALILEO 24 (2C0)
1 43567U 18060D   23253.45308688 -.00000106  00000-0  00000+0 0  9994
2 43567  57.2882   9.0389 0002462 250.9107 109.0647  1.70476248 31938
0 GALILEO 24 (2C0)
1 43567U 18060D   23253.45308688 -.00000106  00000-0  00000-0 0  9995
2 43567  57.2882   9.0389 0002462 250.9107 109.0647  1.70476248 31949
0 BEIDOU 3M9
1 43581U 18062A   23253.55726157 -.00000001  00000-0  00000+0 0  9992
2 43581  54.1774 216.7001 0005168 281.8006  78.1092  1.86232024 34814
0 BEIDOU 3M11
1 43602U 18067A   23253.35949276 -.00000001  00000-0  00000+0 0  9998
2 43602  54.2642 215.3524 0007025  12.6770 347.3085  1.86231578 34298
0 BEIDOU 3M11
1 43602U 18067A   23253.89643751 -.00000006  00000-0  00000-0 0  9992
2 43602  54.2640 215.3342 0007027  12.6807 347.3028  1.86231589 34308
0 BEIDOU 3M13
1 43622U 18072A   23253.98919656  .00000012  00000-0  00000+0 0  9995
2 43622  55.7755  96.2421 0004352 298.5430  61.4988  1.86231730 33847
0 BEIDOU 3M13
1 43622U 18072A   23253.98919656  .00000012  00000-0  00000-0 0  9996
2 43622  55.7755  96.2421 0004352 298.5430  61.4988  1.86231730 33847
0 BEIDOU 3M14
1 43623U 18072B   23253.85465190  .00000010  00000-0  00000+0 0  9999
2 43623  55.7771  96.2394 0002941 349.1979  10.8810  1.86231735 33845
0 BEIDOU 3M14
1 43623U 18072B   23253.85465190  .00000010  00000-0  00000-0 0  9990
2 43623  55.7771  96.2394 0002941 349.1979  10.8810  1.86231735 33834
0 BEIDOU 3M16
1 43648U 18078B   23253.07373494 -.00000106  00000-0  00000+0 0  9998
2 43648  54.9007 335.1468 0002768  20.7172 339.3390  1.86232403 33357
0 BEIDOU 3M16
1 43648U 18078B   23253.07373494 -.00000106  00000-0  00000-0 0  9999
2 43648  54.9007 335.1468 0002768  20.7172 339.3390  1.86232403 33346
0 BEIDOU 3G1
1 43683U 18085A   23253.38901146 -.00000290  00000-0  00000+0 0  9994
2 43683   1.5268 123.9669 0002984 351.4491 153.7456  1.00277689 17913
0 BEIDOU 3G1
1 43683U 18085A   23253.54212398 -.00000290  00000-0  00000-0 0  9997
2 43683   1.5271 123.9510 0002977 351.4286 209.0567  1.00277639 17920
0 COSMOS 2529 (GLONASS)
1 43687U 18086A   23253.39713332  .00000035  00000-0  00000-0 0  9995
2 43687  64.3158 226.8149 0011351 262.4536  97.4075  2.13102096 37745
0 BEIDOU 3M17
1 43706U 18093A   23253.22172266  .00000002  00000-0  00000+0 0  9995
2 43706  54.2597 216.6292 0010281 280.6879  79.1653  1.86232105 32693
0 BEIDOU 3M17
1 43706U 18093A   23253.22172266  .00000002  00000-0  00000-0 0  9996
2 43706  54.2597 216.6292 0010281 280.6879  79.1653  1.86232105 32716
0 BEIDOU 3M18
1 43707U 18093B   23253.62470094 -.00000002  00000-0  00000+0 0  9991
2 43707  54.2604 216.6071 0008510 305.9382  53.9502  1.86229931 32719
0 BEIDOU 3 IGSO-1
1 44204U 19023A   23253.84757192 -.00000189  00000-0  00000+0 0  9995
2 44204  57.2307  48.1734 0023565 194.7428 171.6752  1.00281073 16236
0 BEIDOU 2 G8
1 44231U 19027A   23253.56578907 -.00000259  00000-0  00000-0 0  9992
2 44231   1.9708  81.1101 0006603 132.3653 124.0741  1.00270325 15949
0 BEIDOU 2 G8
1 44231U 19027A   23253.96310146 -.00000258  00000-0  00000+0 0  9993
2 44231   1.9718  81.1078 0006607 132.4730 267.3907  1.00270216 15948
0 COSMOS 2534 (GLONASS)
1 44299U 19030A   23253.44319744  .00000034  00000-0  00000+0 0  9998
2 44299  64.3886 226.7401 0013510 281.3933 248.0870  2.13102046 33392
0 COSMOS 2534 (GLONASS)
1 44299U 19030A   23253.44319744  .00000034  00000-0  00000-0 0  9999
2 44299  64.3886 226.7401 0013510 281.3933 248.0870  2.13102046 33381
0 NAVSTAR 78 (USA 293)
1 44506U 19056A   23253.47604299 -.00000110  00000-0  00000-0 0  9999
2 44506  55.8223  11.1977 0037113 185.4886 133.5805  2.00565945 29795
0 BEIDOU 3M23
1 44542U 19061A   23253.15941919  .00000004  00000-0  00000+0 0  9993
2 44542  54.4868 216.8625 0008425 339.9980  19.9383  1.86231529 26969
0 BEIDOU 3M23
1 44542U 19061A   23253.15941919  .00000004  00000-0  00000-0 0  9994
2 44542  54.4868 216.8625 0008425 339.9980  19.9383  1.86231529 26969
0 BEIDOU 3M24
1 44543U 19061B   23253.36581022  .00000002  00000-0  00000-0 0  9991
2 44543  54.4854 216.8244 0005901 323.6514  86.5590  1.86231924 26971
0 BEIDOU 3M24
1 44543U 19061B   23253.83035642 -.00000003  00000-0  00000+0 0  9996
2 44543  54.4853 216.8088 0005902 323.8132  37.8553  1.86231923 26972
0 BEIDOU 3M24
1 44543U 19061B   23253.83035642 -.00000003  00000-0  00000-0 0  9997
2 44543  54.4853 216.8088 0005902 323.8132  37.8553  1.86231923 26983
0 BEIDOU 3M22
1 44794U 19078B   23253.13535128 -.00000106  00000-0  00000+0 0  9993
2 44794  54.7272 335.0892 0002739   8.1073 351.9423  1.86232826 25829
0 BEIDOU 3M22
1 44794U 19078B   23253.13535128 -.00000106  00000-0  00000-0 0  9994
2 44794  54.7272 335.0892 0002739   8.1073 351.9423  1.86232826 25829
0 BEIDOU 3M22
1 44794U 19078B   23253.67230198 -.00000103  00000-0  00000-0 0  9999
2 44794  54.7269 335.0707 0002742   7.7023 352.3486  1.86232837 25831
0 BEIDOU 3M19
1 44864U 19090A   23253.12410319  .00000001  00000-0  00000-0 0  9992
2 44864  55.7091  96.4573 0015311 275.9159 270.3765  1.86232013 25405
0 BEIDOU 3M20
1 44865U 19090B   23253.56477701  .00000007  00000-0  00000+0 0  9994
2 44865  55.7113  96.4753 0013231 291.3684 280.1590  1.86231979 25398
0 BEIDOU 3M20
1 44865U 19090B   23253.56477701  .00000007  00000-0  00000-0 0  9995
2 44865  55.7113  96.4753 0013231 291.3684 280.1590  1.86231979 25398
0 BEIDOU 3 G2
1 45344U 20017A   23253.52041554 -.00000152  00000-0  00000+0 0  9999
2 45344   2.0517  16.5057 0003124 161.9452  78.2277  1.00272816 13137
0 BEIDOU 3 G2
1 45344U 20017A   23253.52041554 -.00000152  00000-0  00000-0 0  9990
2 45344   2.0517  16.5057 0003124 161.9452  78.2277  1.00272816 13126
0 COSMOS 2545 (GLONASS)
1 45358U 20018A   23253.43838914 -.00000096  00000-0  00000+0 0  9996
2 45358  64.8417 347.7116 0010150 237.6839 122.2498  2.13102678 27121
0 COSMOS 2545 (GLONASS)
1 45358U 20018A   23253.43838914 -.00000096  00000-0  00000-0 0  9997
2 45358  64.8417 347.7116 0010150 237.6839 122.2498  2.13102678 27121
0 BEIDOU 3 G3
1 45807U 20040A   23253.38309394 -.00000365  00000-0  00000+0 0  9998
2 45807   0.6108 344.9623 0006022 329.4766 283.2132  1.00273160 11945
0 BEIDOU 3 G3
1 45807U 20040A   23253.58717094 -.00000365  00000-0  00000-0 0  9991
2 45807   0.6108 344.9788 0006025 329.4942 356.8490  1.00273059 11936
0 NAVSTAR 79 (USA 304)
1 45854U 20041A   23253.54986623 -.00000014  00000-0  00000+0 0  9996
2 45854  55.8883  68.4777 0036302 186.2111 129.5095  2.00563642 23765
0 NAVSTAR 79 (USA 304)
1 45854U 20041A   23253.54986623 -.00000014  00000-0  00000-0 0  9997
2 45854  55.8883  68.4777 0036302 186.2111 129.5095  2.00563642 23765
0 GALAXY 30
1 46114U 20056C   23253.04965733  .00000025  00000-0  00000+0 0  9997
2 46114   0.0245 140.0256 0002646  47.9946  53.6848  1.00271896 11262
0 GALAXY 30
1 46114U 20056C   23253.55122378  .00000025  00000-0  00000-0 0  9994
2 46114   0.0257 140.0325 0002624  47.5195 235.2148  1.00271945 11154
0 COSMOS 2547 (GLONASS)
1 46805U 20075A   23253.15808912  .00000037  00000-0  00000-0 0  9996
2 46805  64.6159 226.3076 0008484 244.0326 115.8705  2.13102944 22363
0 COSMOS 2547 (GLONASS)
1 46805U 20075A   23253.62734496  .00000032  00000-0  00000+0 0  9997
2 46805  64.6158 226.2919 0008475 244.0431 115.8585  2.13102943 22370
0 COSMOS 2547 (GLONASS)
1 46805U 20075A   23253.62734496  .00000032  00000-0  00000-0 0  9998
2 46805  64.6158 226.2919 0008475 244.0431 115.8585  2.13102943 22370
0 NAVSTAR 80 (USA 309)
1 46826U 20078A   23253.26202432  .00000036  00000-0  00000-0 0  9998
2 46826  54.3099 251.8229 0036097 194.8199 248.5671  2.00562947 21239
0 NAVSTAR 81 (USA 319)
1 48859U 21054A   23253.41507242 -.00000109  00000-0  00000-0 0  9997
2 48859  55.3399  12.9832 0012386 211.8623 164.5422  2.00573557 16485
0 GALILEO 28 (224)
1 49810U 21116B   23253.73871167 -.00000106  00000-0  00000+0 0  9995
2 49810  57.2808   8.9255 0002784 173.0857 204.9488  1.70476459 10970
0 GALILEO 28 (224)
1 49810U 21116B   23253.73871167 -.00000106  00000-0  00000-0 0  9996
2 49810  57.2808   8.9255 0002784 173.0857 204.9488  1.70476459 10981
0 COSMOS 2557 (GLONASS)
1 52984U 22075A   23253.78993768 -.00000096  00000-0  00000+0 0  9991
2 52984  64.7584 349.8580 0012001 275.3655  84.5274  2.13102425  9164
0 COSMOS 2557 (GLONASS)
1 52984U 22075A   23253.78993768 -.00000096  00000-0  00000-0 0  9992
2 52984  64.7584 349.8580 0012001 275.3655  84.5274  2.13102425  9186
0 NAVSTAR 82 (USA 343)
1 55268U 23009A   23253.09771667 -.00000035  00000-0  00000-0 0  9997
2 55268  55.0887 188.1882 0004389  91.0562  97.2574  2.00555443  4965
0 BEIDOU 3 G4
1 56564U 23066A   23253.57720595 -.00000124  00000-0  00000-0 0  9996
2 56564   2.8299 288.7721 0006680 214.4863 213.8755  1.00273254  1265
0 BEIDOU 3 G4
1 56564U 23066A   23253.90327098 -.00000124  00000-0  00000+0 0  9993
2 56564   2.8292 288.7709 0006671 214.5541 331.5154  1.00273261  1278
0 NVS-01
1 56759U 23076A   23253.02859787 -.00000351  00000-0  00000+0 0  9990
2 56759   4.7258 271.9561 0006178 336.3544 240.2831  1.00271586  1068
0 NVS-01
1 56759U 23076A   23253.53539149 -.00000352  00000-0  00000-0 0  9995
2 56759   4.7246 271.9469 0006185 336.3494  63.2421  1.00271384   988
0 COSMOS 2569 (GLONASS)
1 57517U 23114A   23253.00633081  .00000022  00000-0  00000-0 0  9996
2 57517  64.8027 106.8541 0009049 298.1295  61.8656  2.13104117   717
0 COSMOS 2569 (GLONASS)
1 57517U 23114A   23253.94484684  .00000033  00000-0  00000-0 0  9994
2 57517  64.8031 106.8223 0009027 298.0845  61.9143  2.13104108   739
