0 CUTE-1
1 27844U 03031E   24278.54019147  .00002145  00000-0  96154-3 0  9996
2 27844  98.6800 284.0757 0009608 180.3697 179.7476 14.23513615103341
0 CUTE-1
1 27844U 03031E   24278.54019147  .00002145  00000-0  96154-3 0  9996
2 27844  98.6800 284.0757 0009608 180.3697 179.7476 14.23513615103374
0 CUTE-1
1 27844U 03031E   24278.89163415  .00002307  00000-0  10328-2 0  9990
2 27844  98.6800 284.4224 0009625 179.3727 180.7465 14.23515840103392
0 CUBESAT XI 4
1 27848U 03031J   24278.44816336  .00001813  00000-0  82525-3 0  9992
2 27848  98.6828 284.1648 0009182 197.2284 162.8583 14.22918778103071
0 CUBESAT XI 5
1 28895U 05043F   24278.14932882  .00008872  00000-0  15262-2 0  9997
2 28895  98.2171  54.2938 0015318  16.7093 343.4613 14.68758147 10676
0 CUBESAT XI 5
1 28895U 05043F   24278.35370472  .00008929  00000-0  15358-2 0  9990
2 28895  98.2172  54.4992 0015314  16.0936 344.0752 14.68761775 10474
0 CUTE-1.7+APD II
1 32785U 08021C   24278.85306261  .00022560  00000-0  18592-2 0  9992
2 32785  97.7678 243.4833 0008536 336.3327  23.7502 14.99029839891963
0 AAUSAT CUBESAT 2
1 32788U 08021F   24278.50148933  .00082556  00000-0  31272-2 0  9998
2 32788  97.6026 259.7174 0008180 120.1423 240.0627 15.26542671895041
0 CANX-2
1 32790U 08021H   24278.83645773  .00018754  00000-0  16218-2 0  9993
2 32790  97.7799 242.1131 0010569 339.8338  20.2465 14.97187701891768
0 SWISSCUBE
1 35932U 09051B   24278.10943744  .00008638  00000-0  18164-2 0  9999
2 35932  98.4528 163.5510 0007122 354.1703   5.9412 14.59785251798446
0 SWISSCUBE
1 35932U 09051B   24278.65778575  .00007037  00000-0  14819-2 0  9992
2 35932  98.4525 164.1099 0007061 352.8507   7.2590 14.59789316798528
0 SWISSCUBE
1 35932U 09051B   24278.65778575  .00007037  00000-0  14819-2 0  9992
2 35932  98.4525 164.1099 0007061 352.8507   7.2590 14.59789316798562
0 BEESAT
1 35933U 09051C   24278.41141299  .00005964  00000-0  12678-2 0  9992
2 35933  98.4456 164.6191 0005805   8.7221 351.4077 14.59423178798552
0 BEESAT
1 35933U 09051C   24278.41141299  .00005964  00000-0  12678-2 0  9992
2 35933  98.4456 164.6191 0005805   8.7221 351.4077 14.59423178798631
0 BEESAT
1 35933U 09051C   24278.68565509  .00006070  00000-0  12901-2 0  9993
2 35933  98.4455 164.8982 0005786   7.9470 352.1819 14.59426435798591
0 ITUPSAT 1
1 35935U 09051E   24278.64304390  .00005512  00000-0  12005-2 0  9995
2 35935  98.4553 164.5779 0008175  10.8650 349.2723 14.58329871798216
0 ITUPSAT 1
1 35935U 09051E   24278.64304390  .00005512  00000-0  12005-2 0  9995
2 35935  98.4553 164.5779 0008175  10.8650 349.2723 14.58329871798249
0 TISAT 1
1 36799U 10035E   24278.45167255  .00033592  00000-0  22914-2 0  9993
2 36799  98.0732 172.7822 0002711 188.2507 171.8675 15.06134853773688
0 AEROCUBE 4.5A
1 38767U 12048K   24278.47929342  .00040518  00000-0  18242-2 0  9996
2 38767  64.6589 321.5709 0112295 342.2002  17.5199 15.15306859276999
0 AEROCUBE 4.5B
1 38768U 12048L   24278.18709414  .00146374  00000-0  34404-2 0  9996
2 38768  64.6503 238.0719 0082095 329.7369  29.9036 15.37764044278109
0 AEROCUBE 4.5B
1 38768U 12048L   24278.18709414  .00146374  00000-0  34404-2 0  9996
2 38768  64.6503 238.0719 0082095 329.7369  29.9036 15.37764044278109
0 AEROCUBE 4.5B
1 38768U 12048L   24278.90241224  .00159113  00000-0  37114-2 0  9992
2 38768  64.6503 235.6725 0081683 329.4966  30.1429 15.37976007278217
0 STRAND 1
1 39090U 13009E   24278.51811852  .00002212  00000-0  77050-3 0  9997
2 39090  98.3813 103.8215 0007827 289.0396  70.9943 14.36323868607959
0 BRITE-A TUGSAT-1
1 39091U 13009F   24278.09910746  .00001681  00000-0  59337-3 0  9990
2 39091  98.3861 102.6892 0009308 298.0624  61.9621 14.35976372607902
0 BRITE-A TUGSAT-1
1 39091U 13009F   24278.44750480  .00001454  00000-0  51520-3 0  9990
2 39091  98.3861 103.0282 0009310 296.9219  63.1016 14.35975781607949
0 NEE 01 PEGASUS
1 39151U 13018B   24278.33227076  .00013098  00000-0  14524-2 0  9994
2 39151  98.0480  36.6816 0014867  46.7590 313.4864 14.87321773618183
0 NEE 01 PEGASUS
1 39151U 13018B   24278.33227076  .00013098  00000-0  14524-2 0  9994
2 39151  98.0480  36.6816 0014867  46.7590 313.4864 14.87321773618194
0 NEE 01 PEGASUS
1 39151U 13018B   24278.80320076  .00014117  00000-0  15642-2 0  9995
2 39151  98.0481  37.1590 0014874  45.3484 314.8941 14.87334615618252
0 NEE 01 PEGASUS
1 39151U 13018B   24278.80320076  .00014117  00000-0  15642-2 0  9995
2 39151  98.0481  37.1590 0014874  45.3484 314.8941 14.87334615618263
0 ESTCUBE 1
1 39161U 13021C   24278.15143386  .00011661  00000-0  16408-2 0  9997
2 39161  97.8175 341.3037 0007880 231.0733 128.9776 14.77458498613212
0 ESTCUBE 1
1 39161U 13021C   24278.42233421  .00009251  00000-0  13035-2 0  9992
2 39161  97.8173 341.5665 0007874 230.0694 129.9826 14.77459872613211
0 ESTCUBE 1
1 39161U 13021C   24278.42233421  .00009251  00000-0  13035-2 0  9992
2 39161  97.8173 341.5665 0007874 230.0694 129.9826 14.77459872613255
0 ESTCUBE 1
1 39161U 13021C   24278.69323390  .00009513  00000-0  13400-2 0  9993
2 39161  97.8172 341.8291 0007898 229.0102 131.0426 14.77465173613251
0 ESTCUBE 1
1 39161U 13021C   24278.69323390  .00009513  00000-0  13400-2 0  9993
2 39161  97.8172 341.8291 0007898 229.0102 131.0426 14.77465173613295
0 POPACS 1
1 39268U 13055D   24278.72650489  .00081108  23873-6  12080-2 0  9996
2 39268  80.9811  24.4600 0361314  97.5943 266.6468 15.05160919576933
0 POPACS 1
1 39268U 13055D   24278.72650489  .00081108  23873-6  12080-2 0  9996
2 39268  80.9811  24.4600 0361314  97.5943 266.6468 15.05160919578407
0 POPACS 2
1 39269U 13055E   24278.58200234  .00034804  00000-0  77218-3 0  9997
2 39269  80.9956 120.2152 0529970 348.2135  10.7032 14.62086118571552
0 POPACS 2
1 39269U 13055E   24278.85572641  .00035738  00000-0  79263-3 0  9990
2 39269  80.9966 119.9153 0529916 347.3701  11.4626 14.62104410571595
0 POPACS 2
1 39269U 13055E   24278.85572641  .00035738  00000-0  79263-3 0  9990
2 39269  80.9966 119.9153 0529916 347.3701  11.4626 14.62104410572811
0 POPACS 2
1 39269U 13055E   24278.99258723  .00035996  00000-0  79821-3 0  9993
2 39269  80.9969 119.7655 0529887 346.9476  11.8431 14.62114344571612
0 POPACS 3
1 39270U 13055F   24278.17869846  .00019894  00000-0  52967-3 0  9990
2 39270  81.0094 175.0479 0615793 141.4259 223.2652 14.40181358548638
0 POPACS 3
1 39270U 13055F   24278.17869846  .00019894  00000-0  52967-3 0  9990
2 39270  81.0094 175.0479 0615793 141.4259 223.2652 14.40181358569338
0 POPACS 3
1 39270U 13055F   24278.73452894  .00020672  00000-0  55006-3 0  9996
2 39270  81.0091 174.4603 0615744 139.7779 225.0711 14.40204490548718
0 ZACUBE
1 39417U 13066B   24278.43552315  .00017238  00000-0  16884-2 0  9991
2 39417  97.7466 232.1574 0049531 155.9235 204.4315 14.91407520587856
0 ZACUBE
1 39417U 13066B   24278.83807634  .00018746  00000-0  18343-2 0  9999
2 39417  97.7468 232.5528 0049592 154.6195 205.7476 14.91423731587910
0 ZACUBE
1 39417U 13066B   24278.83807634  .00018746  00000-0  18343-2 0  9999
2 39417  97.7468 232.5528 0049592 154.6195 205.7476 14.91423731587910
0 WNISAT 1
1 39423U 13066H   24278.11861127  .00004696  00000-0  89069-3 0  9997
2 39423  97.6683 103.6510 0169202  27.5466 333.4575 14.55847901576493
0 WNISAT 1
1 39423U 13066H   24278.39352625  .00003804  00000-0  72333-3 0  9991
2 39423  97.6683 103.9038 0169212  26.6813 334.2970 14.55846703576327
0 TRITON 1
1 39427U 13066M   24278.15133688  .00012341  00000-0  16686-2 0  9999
2 39427  97.8363 192.6929 0102357  90.8000 270.4939 14.75532730582462
0 TRITON 1
1 39427U 13066M   24278.49040260  .00013220  00000-0  17863-2 0  9994
2 39427  97.8363 193.0215 0102340  89.7332 271.5605 14.75541805582513
0 TRITON 1
1 39427U 13066M   24278.55821554  .00013229  00000-0  17875-2 0  9996
2 39427  97.8363 193.0873 0102339  89.5198 271.7737 14.75543412582333
0 TRITON 1
1 39427U 13066M   24278.82946621  .00014644  00000-0  19771-2 0  9998
2 39427  97.8363 193.3502 0102332  88.6584 272.6346 14.75552183582372
0 TRITON 1
1 39427U 13066M   24278.82946621  .00014644  00000-0  19771-2 0  9998
2 39427  97.8363 193.3502 0102332  88.6584 272.6346 14.75552183582563
0 DELFI-N3XT
1 39428U 13066N   24278.49987828  .00026396  00000-0  31325-2 0  9992
2 39428  97.8326 194.1092 0098857  93.3679 267.8848 14.80953356582432
0 DELFI-N3XT
1 39428U 13066N   24278.77013861  .00027593  00000-0  32726-2 0  9996
2 39428  97.8326 194.3732 0098840  92.4974 268.7559 14.80968208582290
0 GOMX 1
1 39430U 13066Q   24278.15220363  .00009254  00000-0  15037-2 0  9998
2 39430  97.7130 145.9164 0135952 266.1853  92.3798 14.65296687578994
0 GOMX 1
1 39430U 13066Q   24278.56192414  .00010070  00000-0  16351-2 0  9996
2 39430  97.7129 146.3013 0135942 264.8683  93.6995 14.65305071578873
0 GOMX 1
1 39430U 13066Q   24278.56192414  .00010070  00000-0  16351-2 0  9996
2 39430  97.7129 146.3013 0135942 264.8683  93.6995 14.65305071579054
0 GOMX 1
1 39430U 13066Q   24278.83507000  .00010949  00000-0  17766-2 0  9993
2 39430  97.7128 146.5578 0135923 263.9894  94.5807 14.65311344578910
0 GOMX 1
1 39430U 13066Q   24278.83507000  .00010949  00000-0  17766-2 0  9993
2 39430  97.7128 146.5578 0135923 263.9894  94.5807 14.65311344579090
0 CUBEBUG 2
1 39440U 13066AA  24278.39597232  .00018543  00000-0  20755-2 0  9991
2 39440  97.8206 219.8653 0065029 277.2286  82.1540 14.85384917584539
0 CUBEBUG 2
1 39440U 13066AA  24278.80015335  .00019502  00000-0  21814-2 0  9999
2 39440  97.8207 220.2623 0065002 275.8543  83.5265 14.85401311584597
0 CUBEBUG 2
1 39440U 13066AA  24278.80015335  .00019502  00000-0  21814-2 0  9999
2 39440  97.8207 220.2623 0065002 275.8543  83.5265 14.85401311585790
0 NEE 02 KRYSAOR
1 39441U 13066AB  24278.37573535  .00013226  00000-0  16203-2 0  9996
2 39441  97.8288 215.2550 0070864 301.6841  57.7475 14.81489946584098
0 NEE 02 KRYSAOR
1 39441U 13066AB  24278.78097738  .00013885  00000-0  17002-2 0  9996
2 39441  97.8290 215.6510 0070818 300.3366  59.0855 14.81501548584155
0 NEE 02 KRYSAOR
1 39441U 13066AB  24278.78097738  .00013885  00000-0  17002-2 0  9996
2 39441  97.8290 215.6510 0070818 300.3366  59.0855 14.81501548585314
0 FUNCUBE 1
1 39444U 13066AE  24278.43243942  .00024434  00000-0  21883-2 0  9995
2 39444  97.7317 235.6031 0047740 134.6466 225.8662 14.94917690586417
0 FUNCUBE 1
1 39444U 13066AE  24278.83404755  .00027889  00000-0  24944-2 0  9998
2 39444  97.7319 235.9992 0047740 133.3034 227.2184 14.94938628586470
0 FUNCUBE 1
1 39444U 13066AE  24278.83404755  .00027889  00000-0  24944-2 0  9998
2 39444  97.7319 235.9992 0047740 133.3034 227.2184 14.94938628587066
0 UWE-3
1 39446U 13066AG  24278.33277476  .00015879  00000-0  16760-2 0  9996
2 39446  97.7910 225.9209 0056554 218.6523 141.0640 14.88164424584928
0 UWE-3
1 39446U 13066AG  24278.80344242  .00017582  00000-0  18539-2 0  9993
2 39446  97.7914 226.3834 0056549 217.0033 142.7278 14.88181942584990
0 BRITE TORONTO
1 40020U 14033L   24278.08678423  .00008440  00000-0  13360-2 0  9999
2 40020  97.8939  51.5156 0083210 104.2554 256.7912 14.70160540550977
0 BRITE TORONTO
1 40020U 14033L   24278.35902863  .00006601  00000-0  10470-2 0  9993
2 40020  97.8939  51.7791 0083229 103.3969 257.6532 14.70160838550905
0 BRITE TORONTO
1 40020U 14033L   24278.35902863  .00006601  00000-0  10470-2 0  9993
2 40020  97.8939  51.7791 0083229 103.3969 257.6532 14.70160838551018
0 BRITE TORONTO
1 40020U 14033L   24278.83545479  .00007386  00000-0  11701-2 0  9991
2 40020  97.8940  52.2403 0083226 101.8906 259.1647 14.70168272551088
0 BRITE TORONTO
1 40020U 14033L   24278.90351541  .00007516  00000-0  11906-2 0  9996
2 40020  97.8941  52.3062 0083226 101.6763 259.3798 14.70169484550983
0 BRITE TORONTO
1 40020U 14033L   24278.97157607  .00007596  00000-0  12031-2 0  9998
2 40020  97.8941  52.3721 0083226 101.4602 259.5965 14.70170479551104
0 DUCHIFAT 1
1 40021U 14033M   24278.54128170  .00045165  00000-0  25837-2 0  9997
2 40021  98.0977 268.4111 0015167  90.5207 269.7759 15.12408752560624
0 NANOSAT C BR1
1 40024U 14033Q   24278.44422352  .00032806  00000-0  21671-2 0  9998
2 40024  98.0743 255.4303 0007401 138.9980 221.1804 15.07313495559684
0 NANOSAT C BR1
1 40024U 14033Q   24278.90890996  .00037440  00000-0  24687-2 0  9991
2 40024  98.0741 255.9178 0007447 137.8817 222.2983 15.07347880559757
0 QB50P1
1 40025U 14033R   24278.41175904  .00024234  00000-0  18115-2 0  9999
2 40025  98.0540 243.0433 0012819 159.9792 200.1937 15.02712174559260
0 QB50P1
1 40025U 14033R   24278.87786891  .00028900  00000-0  21565-2 0  9999
2 40025  98.0539 243.5277 0012805 158.6835 201.4925 15.02737871559338
0 QB50P2
1 40032U 14033Y   24278.41427271  .00024550  00000-0  19086-2 0  9993
2 40032  98.0153 233.9748 0011892 113.5125 246.7349 15.01224534559047
0 QB50P2
1 40032U 14033Y   24278.88084438  .00027888  00000-0  21650-2 0  9995
2 40032  98.0155 234.4563 0011919 112.0888 248.1602 15.01248921559112
0 PERSEUS M2
1 40037U 14033AD  24278.15482023  .00008846  00000-0  88802-3 0  9998
2 40037  97.9299 209.4045 0012460 187.5428 172.5605 14.91477937558560
0 PERSEUS M2
1 40037U 14033AD  24278.49026433  .00009493  00000-0  95229-3 0  9994
2 40037  97.9299 209.7419 0012504 186.3172 173.7890 14.91484486558612
0 PERSEUS M2
1 40037U 14033AD  24278.55735302  .00009716  00000-0  97439-3 0  9996
2 40037  97.9299 209.8093 0012505 186.0484 174.0585 14.91485907558125
0 PERSEUS M2
1 40037U 14033AD  24278.82570725  .00010283  00000-0  10307-2 0  9991
2 40037  97.9301 210.0790 0012525 184.9548 175.1548 14.91491642558660
0 PERSEUS M2
1 40037U 14033AD  24278.89279560  .00010410  00000-0  10433-2 0  9993
2 40037  97.9301 210.1464 0012535 184.7003 175.4099 14.91493062558172
0 PERSEUS M1
1 40039U 14033AF  24278.53010413  .00009515  00000-0  95838-3 0  9993
2 40039  97.9077 205.5178 0012267 185.9551 174.1524 14.91320728557971
0 PERSEUS M1
1 40039U 14033AF  24278.53010413  .00009515  00000-0  95838-3 0  9993
2 40039  97.9077 205.5178 0012267 185.9551 174.1524 14.91320728558488
0 PERSEUS M1
1 40039U 14033AF  24278.79848804  .00009867  00000-0  99343-3 0  9999
2 40039  97.9077 205.7869 0012294 184.9451 175.1648 14.91326126558010
0 PERSEUS M1
1 40039U 14033AF  24278.79848804  .00009867  00000-0  99343-3 0  9999
2 40039  97.9077 205.7869 0012294 184.9451 175.1648 14.91326126558526
0 POLYITAN 1
1 40042U 14033AJ  24278.44277188  .00035832  00000-0  24004-2 0  9998
2 40042  98.0822 247.5677 0015186 117.5347 242.7424 15.06701097559266
0 POLYITAN 1
1 40042U 14033AJ  24278.44277188  .00035832  00000-0  24004-2 0  9998
2 40042  98.0822 247.5677 0015186 117.5347 242.7424 15.06701097559772
0 POLYITAN 1
1 40042U 14033AJ  24278.90764669  .00039651  00000-0  26517-2 0  9998
2 40042  98.0822 248.0555 0015229 116.3163 243.9629 15.06737453559331
0 TIGRISAT
1 40043U 14033AK  24278.16458119  .00009616  00000-0  12425-2 0  9998
2 40043  97.7080  76.3450 0053283 308.9851  50.6621 14.80135675553872
0 TIGRISAT
1 40043U 14033AK  24278.50259300  .00010305  00000-0  13307-2 0  9994
2 40043  97.7079  76.6698 0053262 307.8686  51.7715 14.80142982553626
0 TIGRISAT
1 40043U 14033AK  24278.90820521  .00011493  00000-0  14827-2 0  9994
2 40043  97.7079  77.0593 0053241 306.5024  53.1291 14.80152304553684
0 AEROCUBE 6A
1 40045U 14033AM  24278.45140092  .00021359  00000-0  23960-2 0  9994
2 40045  97.6770  87.8351 0047546 282.5202  77.0698 14.85979099554002
0 AEROCUBE 6A
1 40045U 14033AM  24278.45140092  .00021359  00000-0  23960-2 0  9994
2 40045  97.6770  87.8351 0047546 282.5202  77.0698 14.85979099554248
0 AEROCUBE 6B
1 40046U 14033AN  24278.42122876  .00024358  00000-0  26715-2 0  9995
2 40046  97.6740  86.6135 0046107 277.3586  82.2392 14.86915607554067
0 AEROCUBE 6B
1 40046U 14033AN  24278.42122876  .00024358  00000-0  26715-2 0  9995
2 40046  97.6740  86.6135 0046107 277.3586  82.2392 14.86915607554449
0 CANX-4
1 40055U 14034C   24278.09295911  .00008045  00000-0  11003-2 0  9999
2 40055  98.3857 117.3946 0012814 198.5457 161.5287 14.78764726552679
0 CANX-4
1 40055U 14034C   24278.49894793  .00006410  00000-0  87850-3 0  9994
2 40055  98.3857 117.8178 0012820 197.0648 163.0133 14.78766288552733
0 CANX-5
1 40056U 14034D   24278.43573152  .00006565  00000-0  89929-3 0  9992
2 40056  98.3860 117.7608 0012836 197.6579 162.4186 14.78776166543503
0 CANX-5
1 40056U 14034D   24278.77405243  .00007120  00000-0  97447-3 0  9996
2 40056  98.3859 118.1134 0012843 196.5113 163.5680 14.78780925543554
0 UKUBE 1
1 40074U 14037F   24278.08781852  .00034981  00000-0  30343-2 0  9992
2 40074  98.3456 214.9363 0006335  78.6629 281.5302 14.96952640555052
0 UKUBE 1
1 40074U 14037F   24278.35519024  .00027106  00000-0  23545-2 0  9999
2 40074  98.3457 215.2215 0006367  78.3330 281.8604 14.96963726555093
0 UKUBE 1
1 40074U 14037F   24278.55571727  .00030310  00000-0  26301-2 0  9993
2 40074  98.3457 215.4356 0006329  77.7568 282.4360 14.96976528555129
0 UKUBE 1
1 40074U 14037F   24278.82308486  .00032335  00000-0  28034-2 0  9997
2 40074  98.3458 215.7209 0006323  77.1829 283.0096 14.96993011555161
0 UKUBE 1
1 40074U 14037F   24278.82308486  .00032335  00000-0  28034-2 0  9997
2 40074  98.3458 215.7209 0006323  77.1829 283.0096 14.96993011555161
0 BRITE-PL 2
1 40119U 14049B   24278.18972834  .00008517  00000-0  88620-3 0  9996
2 40119  97.8865  17.4552 0015421   9.8335 350.3181 14.90015512548809
0 BRITE-PL 2
1 40119U 14049B   24278.86127122  .00010018  00000-0  10408-2 0  9990
2 40119  97.8863  18.1252 0015373   7.3890 352.7551 14.90028944548908
0 BRITE-PL 2
1 40119U 14049B   24278.86127122  .00010018  00000-0  10408-2 0  9990
2 40119  97.8863  18.1252 0015373   7.3890 352.7551 14.90028944548997
0 AEROCUBE 5C
1 40965U 15058B   24278.54250371  .00015130  00000-0  13032-2 0  9994
2 40965  64.7723  25.5532 0191712 275.3322  82.5941 14.84375873273261
0 AEROCUBE 5C
1 40965U 15058B   24278.67724870  .00015649  00000-0  13472-2 0  9991
2 40965  64.7723  25.1385 0191694 275.2925  82.6338 14.84380758273281
0 AEROCUBE 5C
1 40965U 15058B   24278.67724870  .00015649  00000-0  13472-2 0  9991
2 40965  64.7723  25.1385 0191694 275.2925  82.6338 14.84380758273270
0 AEROCUBE 7
1 40966U 15058C   24278.40653057  .00018534  00000-0  15257-2 0  9990
2 40966  64.7698  18.6400 0185877 275.0290  82.9626 14.86640111273330
0 AEROCUBE 7
1 40966U 15058C   24278.67560980  .00018789  00000-0  15461-2 0  9990
2 40966  64.7698  17.8090 0185857 274.9339  83.0576 14.86650144273373
0 AEROCUBE 7
1 40966U 15058C   24278.67560980  .00018789  00000-0  15461-2 0  9990
2 40966  64.7698  17.8090 0185857 274.9339  83.0576 14.86650144273395
0 FOX-1
1 40967U 15058D   24278.44486117  .00015407  00000-0  13556-2 0  9992
2 40967  64.7789  40.1262 0190159 271.1129  86.8200 14.83786153 21195
0 FOX-1
1 40967U 15058D   24278.78185715  .00016722  00000-0  14692-2 0  9992
2 40967  64.7789  39.0904 0190149 271.0196  86.9133 14.83798176 21247
0 BISONSAT
1 40968U 15058E   24278.79484040  .00022387  00000-0  18713-2 0  9999
2 40968  64.7795  30.6783 0183833 270.0172  87.9874 14.86256478 24098
0 BISONSAT
1 40968U 15058E   24278.79484040  .00022387  00000-0  18713-2 0  9999
2 40968  64.7795  30.6783 0183833 270.0172  87.9874 14.86256478 24098
0 SNAP-3 ALICE
1 40970U 15058G   24278.54672566  .00054826  00000-0  32865-2 0  9994
2 40970  64.7709 341.5289 0148298 268.6744  89.7381 15.01827169 22174
0 SNAP-3 ALICE
1 40970U 15058G   24278.54672566  .00054826  00000-0  32865-2 0  9994
2 40970  64.7709 341.5289 0148298 268.6744  89.7381 15.01827169 22174
0 LMRST-SAT
1 40971U 15058H   24278.42443290  .00015071  00000-0  13228-2 0  9993
2 40971  64.7791  35.7398 0191550 272.5260  85.3934 14.83713550 21199
0 LMRST-SAT
1 40971U 15058H   24278.82884734  .00016945  00000-0  14845-2 0  9996
2 40971  64.7792  34.4969 0191510 272.4072  85.5123 14.83728452 21252
0 LMRST-SAT
1 40971U 15058H   24278.89624942  .00017002  00000-0  14894-2 0  9995
2 40971  64.7791  34.2895 0191501 272.3866  85.5331 14.83730536 21265
0 SNAP-3 EDDIE
1 40972U 15058J   24278.52921232  .00052447  00000-0  31065-2 0  9999
2 40972  64.7677 334.7628 0148583 269.6714  88.7377 15.02221991 24275
0 PROPCUBE 3
1 40973U 15058K   24278.57819931  .00018782  00000-0  15724-2 0  9995
2 40973  64.7736  22.0136 0187754 273.8790  84.0874 14.85793770 22275
0 PROPCUBE 3
1 40973U 15058K   24278.64550783  .00018658  00000-0  15620-2 0  9997
2 40973  64.7735  21.8061 0187758 273.8613  84.1049 14.85795836 22287
0 PROPCUBE 3
1 40973U 15058K   24278.64550783  .00018658  00000-0  15620-2 0  9997
2 40973  64.7735  21.8061 0187758 273.8613  84.1049 14.85795836 22287
0 SINOD-D 1
1 40974U 15058L   24278.50479532  .00036614  00000-0  25372-2 0  9992
2 40974  64.7694 352.3204 0165259 271.8280  86.3913 14.94986357 22085
0 SINOD-D 1
1 40974U 15058L   24278.57168985  .00036219  00000-0  25099-2 0  9993
2 40974  64.7693 352.1110 0165243 271.8105  86.4091 14.94990686 22096
0 SINOD-D 1
1 40974U 15058L   24278.70547791  .00037850  00000-0  26212-2 0  9994
2 40974  64.7692 351.6924 0165217 271.7770  86.4428 14.95002199 22111
0 SNAP-3 JIMI
1 40975U 15058M   24278.34594028  .00025800  00000-0  19965-2 0  9999
2 40975  64.7716   8.9783 0178256 273.0075  85.0652 14.89652801 21278
0 PROPCUBE 1
1 40976U 15058N   24278.57241035  .00014622  00000-0  13343-2 0  9996
2 40976  64.7771  51.3206 0190052 273.7326  84.2069 14.82492896 24002
0 PROPCUBE 1
1 40976U 15058N   24278.70732678  .00014887  00000-0  13581-2 0  9996
2 40976  64.7771  50.9066 0190029 273.7026  84.2370 14.82496926 24027
0 PROPCUBE 1
1 40976U 15058N   24278.70732678  .00014887  00000-0  13581-2 0  9996
2 40976  64.7771  50.9066 0190029 273.7026  84.2370 14.82496926 24027
0 PROPCUBE 1
1 40976U 15058N   24278.90970016  .00016081  00000-0  14651-2 0  9995
2 40976  64.7772  50.2859 0190022 273.6298  84.3098 14.82504705 24050
0 SINOD-D 3
1 40977U 15058P   24278.40234077  .00018797  00000-0  16341-2 0  9995
2 40977  64.7759  44.0118 0183658 273.0089  85.0018 14.84925779 22232
0 SINOD-D 3
1 40977U 15058P   24278.73907799  .00019941  00000-0  17319-2 0  9997
2 40977  64.7762  42.9750 0183631 272.9178  85.0930 14.84939517 22286
0 SINOD-D 3
1 40977U 15058P   24278.94111858  .00021480  00000-0  18635-2 0  9996
2 40977  64.7762  42.3527 0183625 272.8609  85.1499 14.84949286 22312
0 HORYU 4
1 41340U 16012D   24278.38860326  .00039001  00000-0  16862-2 0  9999
2 41340  31.0026 341.6779 0007302  14.4655 345.6195 15.21259346474769
0 RAVAN
1 41849U 16067B   24278.43269999  .00031942  00000-0  15690-2 0  9992
2 41849  98.0653 102.8548 0012252  19.7052 340.4651 15.17933690432537
0 CELTEE 1
1 41850U 16067C   24278.41499428  .00019506  00000-0  12375-2 0  9993
2 41850  98.1091  93.7626 0001378 139.8984 220.2345 15.08946705431889
0 OPTICUBE 04
1 41851U 16067D   24278.44397124  .00010760  00000-0  77717-3 0  9992
2 41851  98.0842  88.1274 0018248  52.0037 308.2832 15.04140643431655
0 AEROCUBE 8D
1 41852U 16067E   24278.43511281  .00024499  00000-0  14819-2 0  9991
2 41852  98.1137  93.8519 0005425  99.4447 260.7394 15.10626029431875
0 AEROCUBE 8D
1 41852U 16067E   24278.43511281  .00024499  00000-0  14819-2 0  9991
2 41852  98.1137  93.8519 0005425  99.4447 260.7394 15.10626029431875
0 AEROCUBE 8D
1 41852U 16067E   24278.76630594  .00025495  00000-0  15411-2 0  9992
2 41852  98.1139  94.2027 0005450  98.7812 261.4034 15.10642159431929
0 AEROCUBE 8C
1 41853U 16067F   24278.45088726  .00024374  00000-0  14743-2 0  9995
2 41853  98.0950  92.1816 0007655  34.4042 325.7680 15.10616225431863
0 AEROCUBE 8C
1 41853U 16067F   24278.71584363  .00025570  00000-0  15456-2 0  9993
2 41853  98.0952  92.4616 0007656  33.1786 326.9921 15.10628953431905
0 PROMETHEUS 2-1
1 41854U 16067G   24278.06730472  .00066492  00000-0  27618-2 0  9997
2 41854  98.0999 101.1598 0010943  44.9963 315.2156 15.23508576432278
0 PROMETHEUS 2-1
1 41854U 16067G   24278.46137434  .00054727  00000-0  22742-2 0  9991
2 41854  98.1000 101.5848 0010975  44.0600 316.1507 15.23554099432336
0 PROMETHEUS 2-1
1 41854U 16067G   24278.46137434  .00054727  00000-0  22742-2 0  9991
2 41854  98.1000 101.5848 0010975  44.0600 316.1507 15.23554099432336
0 PROMETHEUS 2-3
1 41855U 16067H   24278.06709387  .00061064  00000-0  25458-2 0  9999
2 41855  98.0936 100.5423 0009370  55.3408 304.8709 15.23424997432274
0 PROMETHEUS 2-3
1 41855U 16067H   24278.46118620  .00056303  00000-0  23462-2 0  9990
2 41855  98.0937 100.9673 0009406  53.6955 306.5147 15.23465897432330
0 CORVUS BC2
1 42846U 17042X   24278.44230325  .00013676  00000-0  11227-2 0  9992
2 42846  97.3741  97.5826 0008859  60.1481 300.0622 14.99280765393801
0 CORVUS BC1
1 42847U 17042Y   24278.45872149  .00013723  00000-0  11211-2 0  9996
2 42847  97.3764  98.0150 0009917  57.2223 302.9955 14.99457612393829
0 CORVUS BC1
1 42847U 17042Y   24278.45872149  .00013723  00000-0  11211-2 0  9996
2 42847  97.3764  98.0150 0009917  57.2223 302.9955 14.99457612393829
0 MIRATA
1 43015U 17073C   24278.39883228  .00065645  00000-0  25811-2 0  9992
2 43015  97.5753 162.3149 0146616 245.3816 113.2083 15.15975596372823
0 MIRATA
1 43015U 17073C   24278.39883228  .00065645  00000-0  25811-2 0  9992
2 43015  97.5753 162.3149 0146616 245.3816 113.2083 15.15975596372823
0 MAKERSAT 0
1 43016U 17073D   24278.20802284  .00038299  00000-0  19930-2 0  9996
2 43016  97.5545 154.3424 0178717 272.9817  85.0971 15.03099736372264
0 MAKERSAT 0
1 43016U 17073D   24278.60744456  .00038718  00000-0  20137-2 0  9993
2 43016  97.5544 154.7323 0178602 271.6081  86.4695 15.03130117372310
0 GOMX4-B
1 43196U 18015E   24278.01544390  .01073079  71682-3  10844-2 0  9990
2 43196  97.5843 102.3619 0007897 265.8010  94.2371 16.11097581372687
0 GOMX4-B
1 43196U 18015E   24278.45007073  .01285065  11375-2  12118-2 0  9998
2 43196  97.5840 102.8628 0007930 265.5523  94.4855 16.12251570372751
0 GOMX4-B
1 43196U 18015E   24278.45007073  .01285065  11375-2  12118-2 0  9998
2 43196  97.5840 102.8628 0007930 265.5523  94.4855 16.12251570372751
0 SIRION PATHFINDER-2
1 43759U 18099B   24278.42869738  .00018094  00000-0  12806-2 0  9996
2 43759  97.5166 331.5685 0009312 275.2741  84.7423 15.04859685318920
0 SIRION PATHFINDER-2
1 43759U 18099B   24278.69466945  .00018445  00000-0  13050-2 0  9990
2 43759  97.5165 331.8273 0009337 274.2955  85.7204 15.04869561318964
0 CORVUS BC4
1 43767U 18099K   24278.38540432  .00014353  00000-0  10429-2 0  9990
2 43767  97.4990 328.3889 0009175 341.7493  18.3403 15.03924896318795
0 CORVUS BC4
1 43767U 18099K   24278.71807543  .00015089  00000-0  10957-2 0  9999
2 43767  97.4987 328.7115 0009179 340.4223  19.6649 15.03935272318840
0 MOVE-II
1 43780U 18099Y   24278.16455237  .00075226  00000-0  30641-2 0  9993
2 43780  97.5073 340.6131 0004198 317.6710  42.4203 15.24169816319472
0 MOVE-II
1 43780U 18099Y   24278.42715388  .00079777  00000-0  32432-2 0  9993
2 43780  97.5073 340.8768 0004177 316.8733  43.2176 15.24212617319514
0 MOVE-II
1 43780U 18099Y   24278.68974990  .00076500  00000-0  31081-2 0  9997
2 43780  97.5073 341.1399 0004266 315.2155  44.8738 15.24248962319555
0 SPACEBEE-7
1 43816U 18099BL  24278.13097080  .00053943  00000-0  27093-2 0  9997
2 43816  97.5357 340.7999 0007848 266.7456  93.2879 15.17055064318895
0 SPACEBEE-7
1 43816U 18099BL  24278.13097080  .00053943  00000-0  27093-2 0  9997
2 43816  97.5357 340.7999 0007848 266.7456  93.2879 15.17055064318895
0 SPACEBEE-7
1 43816U 18099BL  24278.72459218  .00048777  00000-0  24480-2 0  9993
2 43816  97.5356 341.3901 0007839 264.5814  95.4525 15.17110286318988
0 SPACEBEE-6
1 43818U 18099BN  24278.16744201  .00155642  00000-0  40531-2 0  9997
2 43818  97.5267 348.6171 0007270 250.9768 109.0690 15.38236968319565
0 SPACEBEE-6
1 43818U 18099BN  24278.75287097  .00163839  00000-0  42360-2 0  9996
2 43818  97.5261 349.2177 0007209 249.9497 110.0972 15.38425518319657
0 SHIELDS 1
1 43850U 18104B   24278.35984995  .00046429  00000-0  10505-2 0  9997
2 43850  85.0250 208.7607 0011790  39.3838 320.8270 15.42879133322961
0 SHIELDS 1
1 43850U 18104B   24278.81385108  .00046534  00000-0  10514-2 0  9996
2 43850  85.0251 208.4503 0011699  38.0757 322.1321 15.42921633323032
0 SONATE
1 44400U 19038Q   24278.54415230  .00068838  00000-0  15961-2 0  9997
2 44400  97.7159 278.1101 0017030  79.8723 280.4443 15.42013969290881
0 SONATE
1 44400U 19038Q   24278.99838782  .00074795  00000-0  17289-2 0  9991
2 44400  97.7162 278.5901 0016975  78.8136 281.5017 15.42081670290952
0 LUCKY-7
1 44406U 19038W   24278.07864257  .00187121  00000-0  21454-2 0  9999
2 44406  97.6995 283.8817 0012594  71.7267 288.5359 15.61382091291247
0 LUCKY-7
1 44406U 19038W   24278.52723634  .00170662  00000-0  19496-2 0  9997
2 44406  97.6992 284.3692 0012461  70.2118 290.0481 15.61531742291314
0 LUCKY-7
1 44406U 19038W   24278.59131746  .00176926  00000-0  20177-2 0  9998
2 44406  97.6991 284.4386 0012441  70.1570 290.1027 15.61556306291324
0 LUCKY-7
1 44406U 19038W   24278.97578519  .00191078  00000-0  21636-2 0  9999
2 44406  97.6990 284.8559 0012346  69.6422 290.6160 15.61697833291382
0 OBJECT C
1 44854U 19089C   24278.50721030  .00054055  00000-0  22675-2 0  9996
2 44854  36.9528 102.6800 0009055 312.3023  47.6958 15.22463166264838
0 OBJECT C
1 44854U 19089C   24278.83512009  .00057110  00000-0  23918-2 0  9992
2 44854  36.9530 100.6702 0009057 314.8497  45.1516 15.22499966264889
0 OBJECT C
1 44854U 19089C   24278.90070093  .00064156  00000-0  26835-2 0  9991
2 44854  36.9530 100.2679 0009071 314.8283  45.1728 15.22504020264969
0 OBJECT C
1 44854U 19089C   24278.90070093  .00064156  00000-0  26835-2 0  9991
2 44854  36.9530 100.2679 0009071 314.8283  45.1728 15.22504020264891
0 M2 PATHFINDER
1 45727U 20037E   24278.48293478  .00012368  00000-0  10339-2 0  9993
2 45727  97.7804  94.4862 0011225 118.7321 241.5031 14.98595737232303
0 NETSAT-4
1 46504U 20068U   24278.38487347  .00032585  00000-0  15571-2 0  9996
2 46504  97.8171 238.7981 0008983   5.6150 354.5182 15.18917396220728
0 NETSAT-4
1 46504U 20068U   24278.64838328  .00035143  00000-0  16776-2 0  9995
2 46504  97.8172 239.0704 0008933   4.8225 355.3093 15.18936263220763
0 NETSAT-3
1 46505U 20068V   24278.41199980  .00032473  00000-0  15777-2 0  9998
2 46505  97.8154 238.1950 0008923  16.3000 343.8518 15.18342120220717
0 NETSAT-3
1 46505U 20068V   24278.87331500  .00034976  00000-0  16969-2 0  9998
2 46505  97.8153 238.6718 0008891  14.6459 345.5030 15.18374092220784
0 NETSAT-3
1 46505U 20068V   24278.87331500  .00034976  00000-0  16969-2 0  9998
2 46505  97.8153 238.6718 0008891  14.6459 345.5030 15.18374092220784
0 NETSAT-1
1 46506U 20068W   24278.33782522  .00024731  00000-0  12887-2 0  9997
2 46506  97.8177 237.2894 0008529  26.4696 333.6970 15.15948480220644
0 NETSAT-1
1 46506U 20068W   24278.33782522  .00024731  00000-0  12887-2 0  9997
2 46506  97.8177 237.2894 0008529  26.4696 333.6970 15.15948480220644
0 NETSAT-2
1 46507U 20068X   24278.40474022  .00031045  00000-0  14841-2 0  9997
2 46507  97.8159 238.4196 0007914  34.3301 325.8443 15.18922740220676
0 NETSAT-2
1 46507U 20068X   24278.86587942  .00035295  00000-0  16843-2 0  9998
2 46507  97.8157 238.8966 0007827  32.7662 327.4055 15.18955153220747
0 NETSAT-2
1 46507U 20068X   24278.86587942  .00035295  00000-0  16843-2 0  9998
2 46507  97.8157 238.8966 0007827  32.7662 327.4055 15.18955153220747
0 OBJECT K
1 47941U 21022K   24278.19056612  .00045087  00000-0  17043-2 0  9996
2 47941  97.4443 174.2430 0016350 115.5442 244.7489 15.26708194195068
0 OBJECT K
1 47941U 21022K   24278.51827589  .00045795  00000-0  17293-2 0  9994
2 47941  97.4442 174.5699 0016406 114.5002 245.7949 15.26737035195114
0 OBJECT K
1 47941U 21022K   24278.51827589  .00045795  00000-0  17293-2 0  9994
2 47941  97.4442 174.5699 0016406 114.5002 245.7949 15.26737035195114
0 OBJECT K
1 47941U 21022K   24278.91151898  .00047937  00000-0  18074-2 0  9999
2 47941  97.4441 174.9619 0016472 113.2296 247.0679 15.26775144195177
0 OBJECT AD
1 47959U 21022AD  24278.17449228  .00071218  00000-0  21494-2 0  9992
2 47959  97.4436 176.9792 0015337 105.6764 254.6172 15.33893069194062
0 OBJECT AD
1 47959U 21022AD  24278.50066590  .00072034  00000-0  21706-2 0  9999
2 47959  97.4435 177.3074 0015339 105.0582 255.2359 15.33939502194116
0 OBJECT AD
1 47959U 21022AD  24278.82682995  .00079473  00000-0  23884-2 0  9990
2 47959  97.4435 177.6363 0015350 103.9097 256.3854 15.33989956194166
0 OBJECT AD
1 47959U 21022AD  24278.89206162  .00082523  00000-0  24784-2 0  9995
2 47959  97.4435 177.7022 0015357 103.6856 256.6097 15.33997594194176
0 BEESAT-8
1 48085U 21022AP  24278.51374026  .00114443  00000-0  24711-2 0  9997
2 48085  97.4665 182.4170 0014098  92.4696 267.8166 15.44002214194671
0 BEESAT-8
1 48085U 21022AP  24278.51374026  .00114443  00000-0  24711-2 0  9997
2 48085  97.4665 182.4170 0014098  92.4696 267.8166 15.44002214194671
0 BEESAT-8
1 48085U 21022AP  24278.70816462  .00111250  00000-0  23995-2 0  9999
2 48085  97.4665 182.6166 0014099  92.0527 268.2336 15.44047446194702
0 LEDSAT
1 49069U 21073D   24278.19052322  .00056572  00000-0  18552-2 0  9996
2 49069  97.4263 348.9599 0016075 255.2439 104.7021 15.31297154173090
0 LEDSAT
1 49069U 21073D   24278.25586917  .00054295  00000-0  17806-2 0  9996
2 49069  97.4262 349.0252 0016076 254.8013 105.1450 15.31307363173108
0 LEDSAT
1 49069U 21073D   24278.77862656  .00061512  00000-0  20113-2 0  9995
2 49069  97.4256 349.5487 0016136 253.2380 106.7091 15.31366221173187
0 LEDSAT
1 49069U 21073D   24278.77862656  .00061512  00000-0  20113-2 0  9995
2 49069  97.4256 349.5487 0016136 253.2380 106.7091 15.31366221173187
0 AVUM R/B
1 53109U 22080E   24278.03985878 -.00000003  00000-0  00000+0 0  9994
2 53109  70.1229 154.2805 0008231  64.7828 295.3684  6.42583928 52152
0 AVUM R/B
1 53109U 22080E   24278.03985878 -.00000003  00000-0  00000-0 0  9995
2 53109  70.1229 154.2805 0008231  64.7828 295.3684  6.42583928 52152
0 AVUM R/B
1 53109U 22080E   24278.97367631 -.00000003  00000-0  00000-0 0  9999
2 53109  70.1227 153.9558 0008234  64.4780 295.6731  6.42583920 52213
0 OBJECT L
1 57176U 23091L   24278.18227439  .00025789  00000-0  15148-2 0  9992
2 57176  97.5991 329.5636 0018175 108.6361 251.6845 15.11545743 69944
0 OBJECT L
1 57176U 23091L   24278.51326869  .00028676  00000-0  16824-2 0  9996
2 57176  97.5991 329.8925 0018130 107.6304 252.6908 15.11565093 69991
0 OBJECT L
1 57176U 23091L   24278.51326869  .00028676  00000-0  16824-2 0  9996
2 57176  97.5991 329.8925 0018130 107.6304 252.6908 15.11565093 69991
0 OBJECT L
1 57176U 23091L   24278.84425960  .00031031  00000-0  18188-2 0  9998
2 57176  97.5990 330.2217 0018106 106.4899 253.8322 15.11582497 70047
0 OBJECT L
1 57176U 23091L   24278.91045721  .00032344  00000-0  18950-2 0  9994
2 57176  97.5989 330.2875 0018122 106.2731 254.0494 15.11586928 70053
0 OBJECT AC
1 57192U 23091AC  24278.16373115  .00026088  00000-0  15309-2 0  9993
2 57192  97.5993 329.5754 0018003 108.4186 251.9003 15.11579929 69940
0 OBJECT AC
1 57192U 23091AC  24278.49471822  .00026797  00000-0  15715-2 0  9991
2 57192  97.5994 329.9043 0018022 107.3631 252.9572 15.11597580 69990
0 OBJECT AC
1 57192U 23091AC  24278.82570114  .00031902  00000-0  18677-2 0  9996
2 57192  97.5993 330.2335 0018046 106.3008 254.0209 15.11618395 70047
0 OBJECT AC
1 57192U 23091AC  24278.89189732  .00031342  00000-0  18350-2 0  9991
2 57192  97.5993 330.2994 0018049 106.0707 254.2512 15.11621153 70050
0 OBJECT AD
1 57193U 23091AD  24278.16809372  .00028029  00000-0  16194-2 0  9993
2 57193  97.5991 329.7128 0017621 109.2278 251.0861 15.12131104 69956
0 OBJECT AD
1 57193U 23091AD  24278.49895965  .00031103  00000-0  17948-2 0  9997
2 57193  97.5992 330.0420 0017619 108.2335 252.0815 15.12152566 70000
0 OBJECT AD
1 57193U 23091AD  24278.82982176  .00033805  00000-0  19486-2 0  9995
2 57193  97.5991 330.3712 0017644 107.1433 253.1731 15.12172497 70050
0 OBJECT AD
1 57193U 23091AD  24278.89599363  .00035010  00000-0  20173-2 0  9999
2 57193  97.5991 330.4371 0017637 106.8968 253.4198 15.12176981 70066
0 OBJECT AE
1 57194U 23091AE  24278.17272640  .00025996  00000-0  15286-2 0  9998
2 57194  97.5989 329.5553 0017808 109.0363 251.2798 15.11510565 69945
0 OBJECT AE
1 57194U 23091AE  24278.37132806  .00027045  00000-0  15894-2 0  9991
2 57194  97.5990 329.7526 0017797 108.4596 251.8571 15.11521359 69978
0 OBJECT AE
1 57194U 23091AE  24278.37132806  .00027045  00000-0  15894-2 0  9991
2 57194  97.5990 329.7526 0017797 108.4596 251.8571 15.11521359 69978
0 OBJECT AE
1 57194U 23091AE  24278.83472679  .00031253  00000-0  18337-2 0  9998
2 57194  97.5989 330.2134 0017804 106.9362 253.3821 15.11548146 70049
0 OBJECT AE
1 57194U 23091AE  24278.90092600  .00031817  00000-0  18664-2 0  9997
2 57194  97.5989 330.2792 0017818 106.7141 253.6046 15.11551805 70056
0 OBJECT AK
1 57199U 23091AK  24278.19789840  .00031092  00000-0  16951-2 0  9994
2 57199  97.6006 330.9878 0013108  97.8089 262.4631 15.14247812 70032
0 OBJECT AK
1 57199U 23091AK  24278.39614137  .00030260  00000-0  16495-2 0  9991
2 57199  97.6007 331.1858 0013115  97.1907 263.0816 15.14258794 70060
0 OBJECT AK
1 57199U 23091AK  24278.39614137  .00030260  00000-0  16495-2 0  9991
2 57199  97.6007 331.1858 0013115  97.1907 263.0816 15.14258794 70060
0 OBJECT AK
1 57199U 23091AK  24278.85870197  .00035935  00000-0  19550-2 0  9991
2 57199  97.6002 331.6477 0013032  95.9094 264.3623 15.14290081 70131
0 OBJECT AK
1 57199U 23091AK  24278.85870197  .00035935  00000-0  19550-2 0  9991
2 57199  97.6002 331.6477 0013032  95.9094 264.3623 15.14290081 70131
0 OBJECT AM
1 57201U 23091AM  24278.19796879  .00030015  00000-0  16385-2 0  9993
2 57201  97.6001 330.9578 0013071  97.7376 262.5340 15.14210169 70038
0 OBJECT AM
1 57201U 23091AM  24278.46229866  .00031193  00000-0  17016-2 0  9990
2 57201  97.5999 331.2215 0013055  97.1626 263.1090 15.14226667 70072
0 OBJECT AM
1 57201U 23091AM  24278.52838063  .00031972  00000-0  17436-2 0  9993
2 57201  97.5999 331.2875 0013042  96.9226 263.3489 15.14231778 70087
0 OBJECT AM
1 57201U 23091AM  24278.85878804  .00032611  00000-0  17772-2 0  9990
2 57201  97.5999 331.6174 0013014  95.7702 264.5014 15.14252070 70139
0 OBJECT AQ
1 57204U 23091AQ  24278.14649943  .00039138  00000-0  21209-2 0  9996
2 57204  97.6013 331.0819 0012984  92.7071 267.5647 15.14409767 70032
0 OBJECT AQ
1 57204U 23091AQ  24278.47686768  .00031323  00000-0  16991-2 0  9998
2 57204  97.6014 331.4119 0012956  91.6402 268.6314 15.14427047 70084
0 OBJECT AQ
1 57204U 23091AQ  24278.54294084  .00031618  00000-0  17148-2 0  9994
2 57204  97.6014 331.4779 0012948  91.4197 268.8518 15.14432109 70090
0 OBJECT AQ
1 57204U 23091AQ  24278.80723231  .00032997  00000-0  17882-2 0  9990
2 57204  97.6011 331.7420 0012964  90.5472 269.7245 15.14448960 70131
0 OBJECT AQ
1 57204U 23091AQ  24278.87330475  .00034236  00000-0  18547-2 0  9998
2 57204  97.6011 331.8080 0012963  90.2976 269.9741 15.14453572 70148
0 OBJECT AU
1 57208U 23091AU  24278.19092735  .00030010  00000-0  16237-2 0  9991
2 57208  97.6006 331.1630 0012711  92.8224 267.4462 15.14531903 70042
0 OBJECT AU
1 57208U 23091AU  24278.52126902  .00032529  00000-0  17580-2 0  9991
2 57208  97.6006 331.4930 0012655  91.8155 268.4526 15.14553772 70092
0 OBJECT AU
1 57208U 23091AU  24278.85160628  .00033088  00000-0  17870-2 0  9993
2 57208  97.6004 331.8230 0012656  90.6263 269.6419 15.14574112 70146
0 ENSO
1 58470U 23185J   24278.19332218  .00051376  00000-0  17872-2 0  9994
2 58470  97.4139 344.1089 0010238 248.5392 111.4757 15.29484152 46765
0 ENSO
1 58470U 23185J   24278.52043689  .00060135  00000-0  20868-2 0  9994
2 58470  97.4137 344.4355 0010215 247.7255 112.2902 15.29519639 46812
0 ENSO
1 58470U 23185J   24278.52043689  .00060135  00000-0  20868-2 0  9994
2 58470  97.4137 344.4355 0010215 247.7255 112.2902 15.29519639 46812
0 ENSO
1 58470U 23185J   24278.84754469  .00062054  00000-0  21504-2 0  9994
2 58470  97.4137 344.7613 0010273 246.3204 113.6959 15.29554978 46862
0 ENSO
1 58470U 23185J   24278.84754469  .00062054  00000-0  21504-2 0  9994
2 58470  97.4137 344.7613 0010273 246.3204 113.6959 15.29554978 46862
0 OBJECT B
1 59052U 24039B   24278.14498621  .00089869  00000-0  24699-2 0  9999
2 59052  97.4018 239.8997 0015025 170.6482 189.5045 15.36757069 33276
0 OBJECT B
1 59052U 24039B   24278.53566321  .00078763  00000-0  21634-2 0  9992
2 59052  97.4018 240.2928 0015135 169.7050 190.4507 15.36822218 33338
0 OBJECT B
1 59052U 24039B   24278.53566321  .00078763  00000-0  21634-2 0  9992
2 59052  97.4018 240.2928 0015135 169.7050 190.4507 15.36822218 33338
0 OBJECT B
1 59052U 24039B   24278.86121648  .00088993  00000-0  24364-2 0  9996
2 59052  97.4020 240.6203 0015248 168.5798 191.5795 15.36877742 33380
0 OBJECT B
1 59052U 24039B   24278.86121648  .00088993  00000-0  24364-2 0  9996
2 59052  97.4020 240.6203 0015248 168.5798 191.5795 15.36877742 33380
0 OBJECT C
1 59053U 24039C   24278.15392889  .00078471  00000-0  21783-2 0  9998
2 59053  97.4019 239.8820 0015244 172.2749 187.8733 15.36492044 33263
0 OBJECT C
1 59053U 24039C   24278.47955161  .00076153  00000-0  21111-2 0  9991
2 59053  97.4019 240.2095 0015305 171.3406 188.8105 15.36543703 33310
0 OBJECT C
1 59053U 24039C   24278.54467467  .00078192  00000-0  21662-2 0  9992
2 59053  97.4019 240.2750 0015349 171.2021 188.9495 15.36554488 33324
0 OBJECT C
1 59053U 24039C   24278.87028484  .00085462  00000-0  23610-2 0  9993
2 59053  97.4021 240.6024 0015471 170.1149 190.0402 15.36607788 33379
0 OBJECT D
1 59054U 24039D   24278.19944145  .00081814  00000-0  22514-2 0  9999
2 59054  97.4017 239.9748 0014973 171.8439 188.3052 15.36753240 33292
0 OBJECT D
1 59054U 24039D   24278.52500851  .00077311  00000-0  21251-2 0  9992
2 59054  97.4018 240.3023 0015037 170.8919 189.2601 15.36806641 33349
0 OBJECT D
1 59054U 24039D   24278.52500851  .00077311  00000-0  21251-2 0  9992
2 59054  97.4018 240.3023 0015037 170.8919 189.2601 15.36806641 33349
0 OBJECT D
1 59054U 24039D   24278.85056503  .00084526  00000-0  23169-2 0  9994
2 59054  97.4021 240.6297 0015160 169.6821 190.4737 15.36860718 33398
0 OBJECT D
1 59054U 24039D   24278.85056503  .00084526  00000-0  23169-2 0  9994
2 59054  97.4021 240.6297 0015160 169.6821 190.4737 15.36860718 33398
0 OBJECT E
1 59055U 24039E   24278.18250825  .00084802  00000-0  23255-2 0  9997
2 59055  97.4022 240.0072 0014609 172.3154 187.8317 15.36853992 33280
0 OBJECT E
1 59055U 24039E   24278.50805396  .00078639  00000-0  21545-2 0  9993
2 59055  97.4023 240.3346 0014705 171.2906 188.8596 15.36908155 33336
0 OBJECT E
1 59055U 24039E   24278.50805396  .00078639  00000-0  21545-2 0  9993
2 59055  97.4023 240.3346 0014705 171.2906 188.8596 15.36908155 33336
0 OBJECT E
1 59055U 24039E   24278.83358879  .00083614  00000-0  22850-2 0  9997
2 59055  97.4026 240.6619 0014849 170.0075 190.1467 15.36963423 33385
0 OBJECT E
1 59055U 24039E   24278.89869437  .00084565  00000-0  23098-2 0  9991
2 59055  97.4026 240.7275 0014865 169.7290 190.4261 15.36974802 33395
0 OBJECT F
1 59056U 24039F   24278.17758181  .00082959  00000-0  22756-2 0  9991
2 59056  97.4023 240.0093 0014428 172.0399 188.1077 15.36855946 33280
0 OBJECT F
1 59056U 24039F   24278.50312711  .00080052  00000-0  21928-2 0  9995
2 59056  97.4026 240.3365 0014493 170.9514 189.1994 15.36911073 33335
0 OBJECT F
1 59056U 24039F   24278.50312711  .00080052  00000-0  21928-2 0  9995
2 59056  97.4026 240.3365 0014493 170.9514 189.1994 15.36911073 33335
0 OBJECT F
1 59056U 24039F   24278.89376717  .00083357  00000-0  22774-2 0  9994
2 59056  97.4027 240.7297 0014666 169.5634 190.5918 15.36974865 33399
0 OBJECT G
1 59057U 24039G   24278.19427536  .00078521  00000-0  21677-2 0  9992
2 59057  97.4023 239.9907 0014718 172.6392 187.5071 15.36671729 33285
0 OBJECT G
1 59057U 24039G   24278.51985986  .00072912  00000-0  20111-2 0  9996
2 59057  97.4024 240.3182 0014776 171.6266 188.5227 15.36722960 33334
0 OBJECT G
1 59057U 24039G   24278.51985986  .00072912  00000-0  20111-2 0  9996
2 59057  97.4024 240.3182 0014776 171.6266 188.5227 15.36722960 33334
0 OBJECT G
1 59057U 24039G   24278.84543453  .00079906  00000-0  21981-2 0  9997
2 59057  97.4027 240.6456 0014906 170.3661 189.7872 15.36773603 33388
0 OBJECT G
1 59057U 24039G   24278.84543453  .00079906  00000-0  21981-2 0  9997
2 59057  97.4027 240.6456 0014906 170.3661 189.7872 15.36773603 33388
0 OBJECT H
1 59058U 24039H   24278.18281074  .00080467  00000-0  22045-2 0  9999
2 59058  97.4023 240.0082 0014484 172.1903 187.9569 15.36904675 33281
0 OBJECT H
1 59058U 24039H   24278.50834619  .00073699  00000-0  20177-2 0  9997
2 59058  97.4023 240.3359 0014562 171.1615 188.9888 15.36954758 33335
0 OBJECT H
1 59058U 24039H   24278.50834619  .00073699  00000-0  20177-2 0  9997
2 59058  97.4023 240.3359 0014562 171.1615 188.9888 15.36954758 33335
0 OBJECT H
1 59058U 24039H   24278.83387159  .00079531  00000-0  21718-2 0  9998
2 59058  97.4026 240.6630 0014707 169.8780 190.2763 15.37006519 33388
0 OBJECT H
1 59058U 24039H   24278.89897558  .00076983  00000-0  21024-2 0  9991
2 59058  97.4026 240.7286 0014722 169.6008 190.5544 15.37014786 33390
0 OBJECT J
1 59059U 24039J   24278.16705963  .00077719  00000-0  21260-2 0  9990
2 59059  97.4023 240.0243 0014403 171.7743 188.3740 15.36965098 33281
0 OBJECT J
1 59059U 24039J   24278.49258299  .00071396  00000-0  19518-2 0  9999
2 59059  97.4023 240.3519 0014497 170.8264 189.3248 15.37011162 33336
0 OBJECT J
1 59059U 24039J   24278.55768625  .00073403  00000-0  20054-2 0  9993
2 59059  97.4023 240.4173 0014522 170.6477 189.5041 15.37021682 33348
0 OBJECT J
1 59059U 24039J   24278.88319750  .00080915  00000-0  22044-2 0  9997
2 59059  97.4025 240.7449 0014645 169.5589 190.5962 15.37074253 33397
0 OBJECT J
1 59059U 24039J   24278.88319750  .00080915  00000-0  22044-2 0  9997
2 59059  97.4025 240.7449 0014645 169.5589 190.5962 15.37074253 33397
0 OBJECT K
1 59060U 24039K   24278.17319490  .00079575  00000-0  21858-2 0  9994
2 59060  97.4024 240.0166 0014471 171.5051 188.6441 15.36826965 33283
0 OBJECT K
1 59060U 24039K   24278.49874696  .00076193  00000-0  20904-2 0  9997
2 59060  97.4025 240.3440 0014545 170.4593 189.6930 15.36877985 33331
0 OBJECT K
1 59060U 24039K   24278.56385595  .00077115  00000-0  21147-2 0  9995
2 59060  97.4025 240.4095 0014571 170.2665 189.8864 15.36888331 33341
0 OBJECT K
1 59060U 24039K   24278.88939503  .00081740  00000-0  22360-2 0  9991
2 59060  97.4027 240.7372 0014703 169.1538 191.0026 15.36942680 33395
0 OBJECT K
1 59060U 24039K   24278.88939503  .00081740  00000-0  22360-2 0  9991
2 59060  97.4027 240.7372 0014703 169.1538 191.0026 15.36942680 33395
0 OBJECT L
1 59061U 24039L   24278.14899606  .00079761  00000-0  21656-2 0  9997
2 59061  97.4019 240.0462 0014351 170.8761 189.2747 15.37189137 33284
0 OBJECT L
1 59061U 24039L   24278.47447083  .00077810  00000-0  21095-2 0  9991
2 59061  97.4019 240.3739 0014407 170.0397 190.1135 15.37242912 33332
0 OBJECT L
1 59061U 24039L   24278.53956436  .00079458  00000-0  21529-2 0  9997
2 59061  97.4020 240.4394 0014426 169.8664 190.2874 15.37253681 33343
0 OBJECT L
1 59061U 24039L   24278.86502636  .00087149  00000-0  23545-2 0  9998
2 59061  97.4022 240.7670 0014544 168.7843 191.3728 15.37307997 33398
0 OBJECT L
1 59061U 24039L   24278.86502636  .00087149  00000-0  23545-2 0  9998
2 59061  97.4022 240.7670 0014544 168.7843 191.3728 15.37307997 33398
0 OBJECT M
1 59062U 24039M   24278.21331693  .00080754  00000-0  21913-2 0  9993
2 59062  97.4018 240.1120 0014354 171.1029 189.0473 15.37202750 33292
0 OBJECT M
1 59062U 24039M   24278.47369548  .00077543  00000-0  21022-2 0  9994
2 59062  97.4018 240.3741 0014398 170.4257 189.7265 15.37245175 33335
0 OBJECT M
1 59062U 24039M   24278.53878899  .00078652  00000-0  21312-2 0  9999
2 59062  97.4018 240.4395 0014430 170.2555 189.8972 15.37255153 33341
0 OBJECT M
1 59062U 24039M   24278.86425057  .00088696  00000-0  23956-2 0  9994
2 59062  97.4022 240.7670 0014525 169.0995 191.0567 15.37310705 33399
0 OBJECT M
1 59062U 24039M   24278.86425057  .00088696  00000-0  23956-2 0  9994
2 59062  97.4022 240.7670 0014525 169.0995 191.0567 15.37310705 33399
0 OBJECT N
1 59063U 24039N   24278.19940838  .00083882  00000-0  22652-2 0  9994
2 59063  97.4020 240.1335 0014088 171.0064 189.1436 15.37342789 33293
0 OBJECT N
1 59063U 24039N   24278.52485064  .00078360  00000-0  21140-2 0  9992
2 59063  97.4020 240.4612 0014161 170.0569 190.0958 15.37396615 33348
0 OBJECT N
1 59063U 24039N   24278.52485064  .00078360  00000-0  21140-2 0  9992
2 59063  97.4020 240.4612 0014161 170.0569 190.0958 15.37396615 33348
0 OBJECT N
1 59063U 24039N   24278.85028186  .00087829  00000-0  23618-2 0  9998
2 59063  97.4023 240.7886 0014294 168.8412 191.3153 15.37453861 33399
0 OBJECT N
1 59063U 24039N   24278.85028186  .00087829  00000-0  23618-2 0  9998
2 59063  97.4023 240.7886 0014294 168.8412 191.3153 15.37453861 33399
0 OBJECT R
1 59066U 24039R   24278.19936646  .00020078  00000-0  18457-2 0  9995
2 59066  95.3930 171.2431 0165354 328.4802  30.6592 14.84885421 32271
0 OBJECT R
1 59066U 24039R   24278.46891590  .00020474  00000-0  18820-2 0  9997
2 59066  95.3928 171.4260 0165247 327.5416  31.5724 14.84895750 32310
0 OBJECT R
1 59066U 24039R   24278.46891590  .00020474  00000-0  18820-2 0  9997
2 59066  95.3928 171.4260 0165247 327.5416  31.5724 14.84895750 32310
0 OBJECT R
1 59066U 24039R   24278.87323648  .00021872  00000-0  20094-2 0  9995
2 59066  95.3927 171.7000 0165191 326.1204  32.9548 14.84912965 32375
0 OBJECT S
1 59067U 24039S   24278.20264598  .00019661  00000-0  18115-2 0  9995
2 59067  95.3930 171.2392 0165441 328.5242  30.6160 14.84792621 32274
0 OBJECT S
1 59067U 24039S   24278.47221231  .00019618  00000-0  18074-2 0  9997
2 59067  95.3930 171.4220 0165375 327.5832  31.5311 14.84802671 32316
0 OBJECT S
1 59067U 24039S   24278.53960367  .00019318  00000-0  17799-2 0  9994
2 59067  95.3929 171.4677 0165362 327.3503  31.7576 14.84804933 32328
0 OBJECT S
1 59067U 24039S   24278.87655823  .00021931  00000-0  20192-2 0  9994
2 59067  95.3928 171.6960 0165288 326.1592  32.9164 14.84819836 32375
0 OBJECT T
1 59068U 24039T   24278.17950974  .00020532  00000-0  18824-2 0  9998
2 59068  95.3932 171.2659 0164915 328.3039  30.8332 14.85028843 32272
0 OBJECT T
1 59068U 24039T   24278.38165289  .00020210  00000-0  18534-2 0  9999
2 59068  95.3930 171.4031 0164783 327.6059  31.5126 14.85035477 32307
0 OBJECT T
1 59068U 24039T   24278.38165289  .00020210  00000-0  18534-2 0  9999
2 59068  95.3930 171.4031 0164783 327.6059  31.5126 14.85035477 32307
0 OBJECT T
1 59068U 24039T   24278.65117478  .00021343  00000-0  19564-2 0  9998
2 59068  95.3930 171.5857 0164761 326.6742  32.4188 14.85048511 32343
0 OBJECT T
1 59068U 24039T   24278.65117478  .00021343  00000-0  19564-2 0  9998
2 59068  95.3930 171.5857 0164761 326.6742  32.4188 14.85048511 32343
0 OBJECT U
1 59071U 24039U   24278.17367622  .00019945  00000-0  18274-2 0  9999
2 59071  95.3931 171.2732 0164742 328.2849  30.8527 14.85078085 32272
0 OBJECT U
1 59071U 24039U   24278.51056929  .00020064  00000-0  18381-2 0  9995
2 59071  95.3931 171.5018 0164655 327.1206  31.9854 14.85090960 32327
0 OBJECT U
1 59071U 24039U   24278.51056929  .00020064  00000-0  18381-2 0  9995
2 59071  95.3931 171.5018 0164655 327.1206  31.9854 14.85090960 32327
0 OBJECT U
1 59071U 24039U   24278.84745907  .00023264  00000-0  21297-2 0  9997
2 59071  95.3930 171.7303 0164544 325.9531  33.1217 14.85106936 32372
0 OBJECT U
1 59071U 24039U   24278.91483672  .00023109  00000-0  21156-2 0  9995
2 59071  95.3930 171.7760 0164530 325.7190  33.3495 14.85109277 32385
0 OBJECT C
1 60237U 24128C   24278.20345095  .00017253  00000-0  14496-2 0  9990
2 60237  61.9942 222.9285 0019624 346.9011  13.1565 14.98299644 12928
0 OBJECT C
1 60237U 24128C   24278.40366368  .00017440  00000-0  14648-2 0  9995
2 60237  61.9941 222.2350 0019643 346.9775  13.0804 14.98307046 12955
0 OOV-CUBE
1 60240U 24128F   24278.17744624  .00011711  00000-0  10156-2 0  9993
2 60240  61.9979 223.3880 0017668 339.4058  20.6316 14.97337810 12926
0 OOV-CUBE
1 60240U 24128F   24278.17744624  .00011711  00000-0  10156-2 0  9993
2 60240  61.9979 223.3880 0017668 339.4058  20.6316 14.97337810 12926
0 OOV-CUBE
1 60240U 24128F   24278.91202925  .00013652  00000-0  11802-2 0  9993
2 60240  61.9980 220.8482 0017814 340.0063  20.0325 14.97357229 13038
0 ROBUSTA-3A
1 60243U 24128J   24278.12079776  .00032969  00000-0  27834-2 0  9999
2 60243  61.9915 223.5964 0018340 329.6303  30.3721 14.97833029 12916
0 ROBUSTA-3A
1 60243U 24128J   24278.12079776  .00032969  00000-0  27834-2 0  9999
2 60243  61.9915 223.5964 0018340 329.6303  30.3721 14.97833029 12916
