0 NAVSTAR 43 (USA 132)
1 24876U 97035A   24278.96569139  .00000048  00000-0  00000-0 0  9994
2 24876  55.7047 122.8388 0084862  54.4358 306.4410  2.00561414199512
0 NAVSTAR 47 (USA 150)
1 26360U 00025A   24278.08138495 -.00000067  00000-0  00000-0 0  9999
2 26360  54.7541  44.4507 0039446 218.0837 312.3119  2.00571240178810
0 NAVSTAR 47 (USA 150)
1 26360U 00025A   24278.84097218 -.00000063  00000-0  00000+0 0  9995
2 26360  54.7546  44.4199 0039452 218.1349 140.7418  2.00571178178824
0 NAVSTAR 47 (USA 150)
1 26360U 00025A   24278.84097218 -.00000063  00000-0  00000-0 0  9996
2 26360  54.7546  44.4199 0039452 218.1349 140.7418  2.00571178178824
0 NAVSTAR 48 (USA 151)
1 26407U 00040A   24278.19724098  .00000003  00000-0  00000-0 0  9999
2 26407  55.0274 239.8463 0142171 296.1298 156.4487  2.00561780177494
0 NAVSTAR 48 (USA 151)
1 26407U 00040A   24278.79412619  .00000010  00000-0  00000-0 0  9996
2 26407  55.0271 239.8226 0142145 296.1412 227.4158  2.00561785177508
0 NAVSTAR 51 (USA 166)
1 27663U 03005A   24278.51178503  .00000007  00000-0  00000-0 0  9992
2 27663  55.0648 239.6450 0138540  47.8192  51.8697  2.00568654158865
0 NAVSTAR 52 (USA 168)
1 27704U 03010A   24278.56017002 -.00000090  00000-0  00000-0 0  9998
2 27704  55.0736 349.3777 0255277 330.1542  20.0028  2.00567040157654
0 NAVSTAR 54 (USA 177)
1 28190U 04009A   24278.22168625 -.00000032  00000-0  00000+0 0  9993
2 28190  55.3610 300.6799 0098874 153.5262 250.2129  2.00556094150521
0 NAVSTAR 56 (USA 180)
1 28474U 04045A   24278.56467413 -.00000089  00000-0  00000-0 0  9995
2 28474  55.4032 349.8336 0164373 295.2221  42.9757  2.00562517145977
0 ANIK F1-R
1 28868U 05036A   24278.17098036 -.00000066  00000-0  00000+0 0  9995
2 28868   2.7091  84.2469 0002367  83.4784 159.9135  1.00272890 69937
0 ANIK F1-R
1 28868U 05036A   24278.55477167 -.00000065  00000-0  00000-0 0  9993
2 28868   2.7100  84.2416 0002363  83.8107 298.1314  1.00272896 40232
0 NAVSTAR 57 (USA 183)
1 28874U 05038A   24278.21604852 -.00000029  00000-0  00000-0 0  9998
2 28874  55.4064 298.1449 0137422 285.8109 137.2035  2.00578129139383
0 INMARSAT 4-F2
1 28899U 05044A   24278.28225635 -.00000251  00000-0  00000-0 0  9994
2 28899   4.3112  42.8158 0002490 174.5845  41.1927  1.00273073 69299
0 INMARSAT 4-F2
1 28899U 05044A   24278.78278882 -.00000250  00000-0  00000+0 0  9999
2 28899   4.3112  42.8107 0002542 174.2005 222.2653  1.00271098 69288
0 INMARSAT 4-F2
1 28899U 05044A   24278.78278882 -.00000250  00000-0  00000-0 0  9990
2 28899   4.3112  42.8107 0002542 174.2005 222.2653  1.00271098 69301
0 NAVSTAR 58 (USA 190)
1 29486U 06042A   24278.50253181  .00000029  00000-0  00000+0 0  9999
2 29486  54.6755 175.9579 0104736  41.7274 128.4798  2.00574497132094
0 NAVSTAR 59 (USA 192)
1 29601U 06052A   24278.18515135  .00000004  00000-0  00000+0 0  9996
2 29601  55.0986 238.6434 0084947  83.6515 277.2862  2.00573722130997
0 NAVSTAR 59 (USA 192)
1 29601U 06052A   24278.18515140  .00000004  00000-0  00000-0 0  9993
2 29601  55.0986 238.6434 0084950  83.6502 277.2876  2.00573724130950
0 NAVSTAR 59 (USA 192)
1 29601U 06052A   24278.18515380  .00000004  00000-0  00000-0 0  9999
2 29601  55.0989 238.6435 0084987  83.6513 277.2869  2.00573690130950
0 NAVSTAR 60 (USA 196)
1 32260U 07047A   24278.99026497  .00000032  00000-0  00000-0 0  9995
2 32260  53.6673 105.6999 0159185  77.8749 283.9664  2.00558967124372
0 COSMOS 2432 (GLONASS)
1 32276U 07052B   24278.15674340 -.00000054  00000-0  00000+0 0  9996
2 32276  65.9061 336.8717 0009561 309.6901  49.7564  2.13103256131859
0 COSMOS 2432 (GLONASS)
1 32276U 07052B   24278.15674340 -.00000054  00000-0  00000-0 0  9997
2 32276  65.9061 336.8717 0009561 309.6901  49.7564  2.13103256131848
0 NAVSTAR 61 (USA 199)
1 32384U 07062A   24278.21158296 -.00000030  00000-0  00000+0 0  9995
2 32384  55.5482 299.0236 0028110 157.7579 129.2886  2.00553412123111
0 NAVSTAR 61 (USA 199)
1 32384U 07062A   24278.33417580 -.00000029  00000-0  00000-0 0  9991
2 32384  55.5481 299.0188 0028105 157.7563 217.8036  2.00553415123061
0 COSMOS 2434 (GLONASS)
1 32393U 07065A   24278.22990934  .00000016  00000-0  00000+0 0  9995
2 32393  64.3189 212.8815 0001672  60.5224 301.3587  2.13101361130576
0 COSMOS 2434 (GLONASS)
1 32393U 07065A   24278.38691090  .00000018  00000-0  00000-0 0  9996
2 32393  64.3189 212.8762 0001680  60.5224  61.8046  2.13101357130546
0 COSMOS 2436 (GLONASS)
1 32395U 07065C   24278.74797084  .00000022  00000-0  00000+0 0  9992
2 32395  64.3274 212.9296 0016665 358.6763 175.5935  2.13100113130510
0 COSMOS 2436 (GLONASS)
1 32395U 07065C   24278.74797084  .00000022  00000-0  00000-0 0  9993
2 32395  64.3274 212.9296 0016665 358.6763 175.5935  2.13100113130509
0 COSMOS 2436 (GLONASS)
1 32395U 07065C   24278.97404359  .00000024  00000-0  00000-0 0  9990
2 32395  64.3274 212.9220 0016667 358.7086 348.9951  2.13100114130502
0 NAVSTAR 64 (USA 206)
1 35752U 09043A   24278.39157536 -.00000051  00000-0  00000-0 0  9997
2 35752  55.7657  51.9480 0056105  75.7907 287.2636  2.00563173110911
0 COSMOS 2456 (GLONASS)
1 36111U 09070A   24278.21643944  .00000039  00000-0  00000-0 0  9996
2 36111  64.6649  92.2160 0001422 338.3481 167.4087  2.13103842115192
0 COSMOS 2457 (GLONASS)
1 36112U 09070B   24278.31906174  .00000039  00000-0  00000-0 0  9995
2 36112  64.6495  92.0687 0006238 143.0469 214.5665  2.13101284115195
0 COSMOS 2460 (GLONASS)
1 36402U 10007C   24278.35846032 -.00000052  00000-0  00000+0 0  9994
2 36402  65.7451 335.3956 0002347 231.7037 149.4232  2.13106366113590
0 COSMOS 2460 (GLONASS)
1 36402U 10007C   24278.35846032 -.00000052  00000-0  00000-0 0  9995
2 36402  65.7451 335.3956 0002347 231.7037 149.4232  2.13106366113501
0 NAVSTAR 65 (USA 213)
1 36585U 10022A   24278.28773720  .00000005  00000-0  00000+0 0  9995
2 36585  54.4126 233.5959 0116409  62.0983 343.3595  2.00557095105131
0 BEIDOU 5
1 36828U 10036A   24278.92673345 -.00000086  00000-0  00000+0 0  9993
2 36828  54.2539 168.5771 0040716 203.7736  80.0367  1.00250867 52008
0 BEIDOU 5
1 36828U 10036A   24278.92673345 -.00000086  00000-0  00000-0 0  9994
2 36828  54.2539 168.5771 0040716 203.7736  80.0367  1.00250867 51984
0 BEIDOU 6
1 37210U 10057A   24278.57814734 -.00000102  00000-0  00000-0 0  9992
2 37210   2.1060  69.7604 0007996 164.9701 147.2684  1.00271590 51064
0 BEIDOU 6
1 37210U 10057A   24278.78609028 -.00000101  00000-0  00000+0 0  9991
2 37210   2.1065  69.7637 0007994 164.9554 222.3441  1.00271579 51062
0 BEIDOU 6
1 37210U 10057A   24278.78609028 -.00000101  00000-0  00000-0 0  9992
2 37210   2.1065  69.7637 0007994 164.9554 222.3441  1.00271579 51073
0 BEIDOU 7
1 37256U 10068A   24278.43729958 -.00000187  00000-0  00000+0 0  9994
2 37256  48.6813 279.4846 0039986 218.3461 141.0712  1.00268463 50567
0 BEIDOU 7
1 37256U 10068A   24278.88317031 -.00000186  00000-0  00000-0 0  9998
2 37256  48.6806 279.4792 0039989 218.3845 301.9811  1.00268279 50571
0 BEIDOU 8
1 37384U 11013A   24278.29077113 -.00000178  00000-0  00000-0 0  9991
2 37384  61.5189  46.0640 0032583 176.3047   3.5489  1.00281845 49434
0 BEIDOU 8
1 37384U 11013A   24278.82213316 -.00000178  00000-0  00000-0 0  9997
2 37384  61.5198  46.0591 0032609 176.3209 195.3623  1.00281696 49443
0 GSAT 8
1 37605U 11022A   24278.19320398  .00000092  00000-0  00000-0 0  9996
2 37605   0.5160  89.6737 0006927 152.8628 255.4731  1.00272303 46994
0 GSAT 8
1 37605U 11022A   24278.76523897  .00000094  00000-0  00000-0 0  9990
2 37605   0.5173  89.6626 0006938 152.9719 101.8729  1.00272481 46997
0 BEIDOU 9
1 37763U 11038A   24278.68791601 -.00000055  00000-0  00000-0 0  9991
2 37763  54.5600 171.2145 0128936 229.0405 316.5193  1.00285411 48428
0 GALILEO-FM2
1 37847U 11060B   24278.16809556 -.00000092  00000-0  00000+0 0  9991
2 37847  57.1248 358.5897 0001696 308.3059  52.2065  1.70475469 80666
0 GALILEO-FM2
1 37847U 11060B   24278.16809556 -.00000092  00000-0  00000-0 0  9992
2 37847  57.1248 358.5897 0001696 308.3059  52.2065  1.70475469 80543
0 COSMOS 2476 (GLONASS)
1 37867U 11064A   24278.28814309  .00000042  00000-0  00000+0 0  9996
2 37867  64.9361  93.8891 0021811 230.4457 242.2810  2.13101679100581
0 COSMOS 2477 (GLONASS)
1 37868U 11064B   24278.03393152  .00000043  00000-0  00000-0 0  9990
2 37868  64.9428  93.9713 0018962 230.5862 225.7794  2.13103147100527
0 COSMOS 2475 (GLONASS)
1 37869U 11064C   24278.20563969  .00000042  00000-0  00000-0 0  9994
2 37869  64.9495  93.9811 0023280 247.8351 298.1896  2.13101893100538
0 LUCH 5A
1 37951U 11074B   24278.55468484 -.00000036  00000-0  00000-0 0  9995
2 37951   7.1619  83.2250 0004412 106.7893 190.3516  1.00271808 46828
0 LUCH 5A
1 37951U 11074B   24278.72792382 -.00000036  00000-0  00000-0 0  9991
2 37951   7.1624  83.2218 0004411 106.8085 252.8722  1.00271825 46823
0 LUCH 5A
1 37951U 11074B   24278.78748035 -.00000036  00000-0  00000+0 0  9992
2 37951   7.1625  83.2221 0004408 106.8866 274.2946  1.00271890 46975
0 BEIDOU 11
1 38091U 12008A   24278.12239649  .00000065  00000-0  00000-0 0  9992
2 38091   2.0245  70.5648 0007217 222.1945 183.3589  1.00273310 46147
0 BEIDOU 11
1 38091U 12008A   24278.76602090  .00000066  00000-0  00000-0 0  9997
2 38091   2.0259  70.5662 0007231 222.2061  55.6890  1.00273477 46144
0 BEIDOU 11
1 38091U 12008A   24278.76602090  .00000067  00000-0  00000+0 0  9997
2 38091   2.0259  70.5662 0007231 222.2061  55.6890  1.00273477 46256
0 BEIDOU 13
1 38251U 12018B   24278.40149358 -.00000066  00000-0  00000+0 0  9990
2 38251  56.1668 324.9680 0015816 262.8593  97.0304  1.86232108 84737
0 BEIDOU 13
1 38251U 12018B   24278.40149358 -.00000066  00000-0  00000-0 0  9991
2 38251  56.1668 324.9680 0015816 262.8593  97.0304  1.86232108 84388
0 SES 5
1 38652U 12036A   24278.36855156  .00000042  00000-0  00000+0 0  9993
2 38652   0.0709 294.5732 0001995 260.1027 316.5442  1.00272134 44841
0 SES 5
1 38652U 12036A   24278.36855156  .00000042  00000-0  00000-0 0  9994
2 38652   0.0709 294.5732 0001995 260.1027 316.5442  1.00272134 38259
0 SES 5
1 38652U 12036A   24278.82683206  .00000043  00000-0  00000-0 0  9991
2 38652   0.0699 294.7749 0002033 260.0412 121.8393  1.00272830 38253
0 BEIDOU 15
1 38775U 12050B   24278.11103113  .00000009  00000-0  00000+0 0  9990
2 38775  56.0039  83.5245 0010698 348.3145  11.6823  1.86231176 82099
0 BEIDOU 15
1 38775U 12050B   24278.64798173  .00000009  00000-0  00000-0 0  9995
2 38775  56.0043  83.5066 0010692 348.2958  11.6991  1.86231175 81757
0 BEIDOU 15
1 38775U 12050B   24278.64798184  .00000009  00000-0  00000-0 0  9997
2 38775  56.0042  83.5067 0010686 348.2530  11.7418  1.86231168 81753
0 GSAT 10
1 38779U 12051B   24278.40327388 -.00000158  00000-0  00000-0 0  9996
2 38779   0.0232 133.6291 0002977 123.8252 344.3607  1.00272329 43882
0 GSAT 10
1 38779U 12051B   24278.86630020 -.00000157  00000-0  00000-0 0  9995
2 38779   0.0248 130.3758 0002971 126.8841 151.7020  1.00272242 43885
0 NAVSTAR 67 (USA 239)
1 38833U 12053A   24278.09082727  .00000031  00000-0  00000-0 0  9998
2 38833  53.5177 169.0205 0158395  57.7020 303.9046  2.00560336 86981
0 NAVSTAR 67 (USA 239)
1 38833U 12053A   24278.58941411  .00000032  00000-0  00000+0 0  9996
2 38833  53.5177 169.0001 0158426  57.7128 303.8960  2.00560337 87884
0 NAVSTAR 67 (USA 239)
1 38833U 12053A   24278.58941411  .00000032  00000-0  00000-0 0  9997
2 38833  53.5177 169.0001 0158426  57.7128 303.8960  2.00560337 86995
0 GALILEO-FM3
1 38857U 12055A   24278.86753048  .00000057  00000-0  00000+0 0  9999
2 38857  55.4551 118.5896 0001998 266.7099  93.3558  1.70473743 74574
0 BEIDOU 16
1 38953U 12059A   24278.40327388 -.00000165  00000-0  00000-0 0  9996
2 38953   2.8339  79.5892 0006301 304.6377 218.5005  1.00269110 43687
0 BEIDOU 16
1 38953U 12059A   24278.86640750 -.00000164  00000-0  00000-0 0  9996
2 38953   2.8349  79.5849 0006296 304.6456  25.6770  1.00269021 43688
0 LUCH 5B
1 38977U 12061A   24278.17895559 -.00000125  00000-0  00000+0 0  9994
2 38977   9.1262  55.7196 0006386 145.2016 220.5647  1.00272784 43959
0 LUCH 5B
1 38977U 12061A   24278.34030828 -.00000125  00000-0  00000-0 0  9994
2 38977   9.1265  55.7182 0006383 145.1510 278.8631  1.00272769 43381
0 LUCH 5B
1 38977U 12061A   24278.67957497 -.00000124  00000-0  00000-0 0  9999
2 38977   9.1272  55.7150 0006379 145.2473  41.2413  1.00272729 43384
0 COSMOS 2485 (GLONASS)
1 39155U 13019A   24278.08309320  .00000044  00000-0  00000+0 0  9992
2 39155  65.0924  94.5032 0022274 226.4641 133.3904  2.13101886 89040
0 COSMOS 2485 (GLONASS)
1 39155U 13019A   24278.08309330  .00000044  00000-0  00000-0 0  9994
2 39155  65.0924  94.5032 0022280 226.4542 133.4003  2.13101882 89044
0 NAVSTAR 68 (USA 242)
1 39166U 13023A   24278.45148294 -.00000024  00000-0  00000-0 0  9991
2 39166  55.0196 294.1724 0124829  44.9330 316.1061  2.00562572 83436
0 NAVSTAR 68 (USA 242)
1 39166U 13023A   24278.45148308 -.00000024  00000-0  00000-0 0  9997
2 39166  55.0196 294.1724 0124828  44.9334 316.1056  2.00562573 83434
0 IRNSS R1A
1 39199U 13034A   24278.01056231  .00000101  00000-0  00000+0 0  9994
2 39199  34.3243  72.8544 0021456 180.2634 178.9154  1.00272015 41428
0 IRNSS R1A
1 39199U 13034A   24278.01056231  .00000101  00000-0  00000-0 0  9995
2 39199  34.3243  72.8544 0021456 180.2634 178.9154  1.00272015 41136
0 NAVSTAR 69 (USA 248)
1 39533U 14008A   24278.44652381  .00000028  00000-0  00000-0 0  9992
2 39533  53.5992 174.6193 0073143 221.0427 138.4777  2.00574788 77232
0 ASTRA 5B
1 39617U 14011B   24278.11544605  .00000144  00000-0  00000+0 0  9990
2 39617   0.0799 305.4263 0003695 266.6399 226.2948  1.00272496 38645
0 ASTRA 5B
1 39617U 14011B   24278.18694859  .00000144  00000-0  00000-0 0  9995
2 39617   0.0798 305.5134 0003696 266.6064 252.0528  1.00272524 38443
0 COSMOS 2492 (GLONASS)
1 39620U 14012A   24278.03832654 -.00000052  00000-0  00000+0 0  9999
2 39620  65.6262 334.9676 0012670 309.1177  50.8465  2.13103291 82001
0 COSMOS 2492 (GLONASS)
1 39620U 14012A   24278.97684573 -.00000051  00000-0  00000-0 0  9997
2 39620  65.6258 334.9359 0012710 309.0656  50.8978  2.13103277 82025
0 IRNSS 1B
1 39635U 14017A   24278.01056231  .00000100  00000-0  00000+0 0  9990
2 39635  28.7812 250.9837 0019892 188.0636 352.9752  1.00274602 38557
0 IRNSS 1B
1 39635U 14017A   24278.01056231  .00000100  00000-0  00000-0 0  9991
2 39635  28.7812 250.9837 0019892 188.0636 352.9752  1.00274602 38568
0 LUCH 5V
1 39727U 14023A   24278.05802976 -.00000260  00000-0  00000+0 0  9996
2 39727   3.5674  75.1927 0003727 155.5289 258.1923  1.00271171556286
0 LUCH 5V
1 39727U 14023A   24278.39771652 -.00000259  00000-0  00000-0 0  9998
2 39727   3.5681  75.1898 0003729 155.7364  20.6089  1.00271026 38132
0 LUCH 5V
1 39727U 14023A   24278.87055829 -.00000258  00000-0  00000-0 0  9991
2 39727   3.5692  75.1860 0003737 155.7409 191.2959  1.00270850 38137
0 NAVSTAR 70 (USA 251)
1 39741U 14026A   24278.23076493 -.00000092  00000-0  00000+0 0  9995
2 39741  56.6989 355.6449 0032638 313.0579  46.7229  2.00560649 76077
0 NAVSTAR 70 (USA 251)
1 39741U 14026A   24278.23076493 -.00000092  00000-0  00000-0 0  9996
2 39741  56.6989 355.6449 0032638 313.0579  46.7229  2.00560649 76088
0 NAVSTAR 70 (USA 251)
1 39741U 14026A   24278.72935785 -.00000090  00000-0  00000-0 0  9996
2 39741  56.6989 355.6256 0032674 313.0229  46.7584  2.00560579 76093
0 COSMOS 2500 (GLONASS)
1 40001U 14032A   24278.21626162 -.00000052  00000-0  00000-0 0  9992
2 40001  65.5632 334.7582 0008931 209.5465 150.4794  2.13105992 80222
0 COSMOS 2500 (GLONASS)
1 40001U 14032A   24278.68551750 -.00000051  00000-0  00000-0 0  9992
2 40001  65.5630 334.7423 0008933 209.7662 150.2592  2.13105895 80234
0 NAVSTAR 71 (USA 256)
1 40105U 14045A   24278.31991653  .00000043  00000-0  00000-0 0  9991
2 40105  54.9800 113.2463 0029447 115.8706 244.5095  2.00573784 73625
0 NAVSTAR 71 (USA 256)
1 40105U 14045A   24278.81846687  .00000042  00000-0  00000-0 0  9991
2 40105  54.9802 113.2264 0029459 115.8912 244.4867  2.00573812 73637
0 GALILEO 6 (262)
1 40129U 14050B   24278.22152155 -.00000047  00000-0  00000-0 0  9994
2 40129  49.5640 297.7529 1613026 156.3119 212.0435  1.85520375 68964
0 GALILEO 6 (262)
1 40129U 14050B   24278.22152176 -.00000047  00000-0  00000-0 0  9997
2 40129  49.5640 297.7529 1613035 156.3119 212.0434  1.85520370 68968
0 COSMOS 2501 (GLONASS)
1 40315U 14075A   24278.00130597  .00000013  00000-0  00000-0 0  9992
2 40315  63.6199 211.8952 0020192 209.2281 150.6586  2.13101463 76617
0 COSMOS 2501 (GLONASS)
1 40315U 14075A   24278.47056924  .00000018  00000-0  00000+0 0  9998
2 40315  63.6198 211.8790 0020177 209.1857 150.7040  2.13101457 76627
0 COSMOS 2501 (GLONASS)
1 40315U 14075A   24278.47056924  .00000018  00000-0  00000-0 0  9999
2 40315  63.6198 211.8790 0020177 209.1857 150.7040  2.13101457 76627
0 NAVSTAR 73 (USA 260)
1 40534U 15013A   24278.32691571  .00000004  00000-0  00000-0 0  9997
2 40534  53.3103 229.8755 0091959  30.8965 329.6148  2.00559126 69373
0 IRNSS 1D
1 40547U 15018A   24278.34424619 -.00000287  00000-0  00000-0 0  9999
2 40547  27.2744 250.8152 0018710 193.5167 164.8734  1.00269622 34750
0 IRNSS 1D
1 40547U 15018A   24278.85664242 -.00000284  00000-0  00000+0 0  9999
2 40547  27.2734 250.8063 0018713 193.5141 349.8470  1.00269380 35029
0 IRNSS 1D
1 40547U 15018A   24278.85664242 -.00000284  00000-0  00000-0 0  9990
2 40547  27.2734 250.8063 0018713 193.5141 349.8470  1.00269380 34769
0 BD-17
1 40549U 15019A   24278.46726708 -.00000161  00000-0  00000+0 0  9999
2 40549  50.3702 302.8974 0036298 197.9683 137.7299  1.00281710 34842
0 BD-17
1 40549U 15019A   24278.46726708 -.00000161  00000-0  00000-0 0  9990
2 40549  50.3702 302.8974 0036298 197.9683 137.7299  1.00281710 34842
0 BD-19
1 40749U 15037B   24278.87423411 -.00000064  00000-0  00000+0 0  9993
2 40749  55.3980 323.2904 0003422 314.8590  45.1804  1.86227720 62566
0 BD-19
1 40749U 15037B   24278.87423411 -.00000064  00000-0  00000-0 0  9994
2 40749  55.3980 323.2904 0003422 314.8590  45.1804  1.86227720 62577
0 GALILEO 9 (205)
1 40889U 15045A   24278.04300165  .00000003  00000-0  00000-0 0  9999
2 40889  55.1735 238.7623 0003940  14.4733 345.4950  1.70473191 56426
0 BD-20
1 40938U 15053A   24278.87784928 -.00000128  00000-0  00000+0 0  9995
2 40938  50.1916 266.1206 0052602 190.3600 329.9468  1.00281787 33129
0 BD-20
1 40938U 15053A   24278.87784928 -.00000128  00000-0  00000-0 0  9996
2 40938  50.1916 266.1206 0052602 190.3600 329.9468  1.00281787 33130
0 NAVSTAR 75 (USA 265)
1 41019U 15062A   24278.54904876 -.00000044  00000-0  00000-0 0  9994
2 41019  56.4955  54.8344 0099224 224.8604 134.3308  2.00562820 65380
0 GSAT 15
1 41028U 15065A   24278.05768222 -.00000251  00000-0  00000+0 0  9995
2 41028   0.0140 249.1785 0002312 290.9651 307.3773  1.00272657 32632
0 GSAT 15
1 41028U 15065A   24278.39771652 -.00000251  00000-0  00000-0 0  9994
2 41028   0.0142 248.8840 0002317 291.6852  69.7006  1.00272761 32575
0 GSAT 15
1 41028U 15065A   24278.86905194 -.00000249  00000-0  00000-0 0  9993
2 41028   0.0171 243.6709 0002325 296.8527 239.8937  1.00272721 32578
0 GALILEO 11 (268)
1 41175U 15079B   24278.06684490  .00000055  00000-0  00000-0 0  9990
2 41175  55.4726 118.3195 0001950   8.4595 351.6359  1.70474074 54604
0 GALILEO 11 (268)
1 41175U 15079B   24278.06684578  .00000055  00000-0  00000+0 0  9996
2 41175  55.4726 118.3195 0001934   9.0705 351.0251  1.70474066 54769
0 GALILEO 11 (268)
1 41175U 15079B   24278.06684578  .00000055  00000-0  00000-0 0  9997
2 41175  55.4726 118.3195 0001934   9.0705 351.0251  1.70474066 54602
0 IRNSS 1E
1 41241U 16003A   24278.34755850 -.00000273  00000-0  00000-0 0  9995
2 41241  31.8800  71.8486 0020866 180.0557 358.5525  1.00277025 31850
0 IRNSS 1E
1 41241U 16003A   24278.88092400 -.00000274  00000-0  00000+0 0  9999
2 41241  31.8813  71.8407 0020859 180.0712 191.0885  1.00276778 31989
0 IRNSS 1E
1 41241U 16003A   24278.88092400 -.00000274  00000-0  00000-0 0  9990
2 41241  31.8813  71.8407 0020859 180.0712 191.0885  1.00276778 31866
0 NAVSTAR 76 (USA 266)
1 41328U 16007A   24278.13212299  .00000045  00000-0  00000+0 0  9992
2 41328  55.1720 114.1203 0080807 238.4141 120.8712  2.00556589 63424
0 COSMOS 2514 (GLONASS)
1 41330U 16008A   24278.45346580 -.00000051  00000-0  00000+0 0  9990
2 41330  65.3570 334.2318 0012961 214.1975 145.7952  2.13102710 67396
0 COSMOS 2514 (GLONASS)
1 41330U 16008A   24278.45346580 -.00000051  00000-0  00000-0 0  9991
2 41330  65.3570 334.2318 0012961 214.1975 145.7952  2.13102710 67396
0 IRNSS 1F
1 41384U 16015A   24278.15743778  .00000169  00000-0  00000-0 0  9994
2 41384   3.8194 113.9221 0020705 176.4927 172.0074  1.00271765 31437
0 IRNSS 1F
1 41384U 16015A   24278.83230552  .00000170  00000-0  00000-0 0  9992
2 41384   3.8210 113.8981 0020751 176.5341  55.6077  1.00272084 31445
0 BEIDOU IGSO-6
1 41434U 16021A   24278.81517868 -.00000149  00000-0  00000-0 0  9998
2 41434  59.3463  44.2515 0053696 222.3202 135.1624  1.00293645 31254
0 IRNSS 1G
1 41469U 16027A   24278.35103372 -.00000324  00000-0  00000-0 0  9997
2 41469   3.6870 115.0270 0003639  17.7661 136.7055  1.00270247 30952
0 IRNSS 1G
1 41469U 16027A   24278.87965970 -.00000323  00000-0  00000-0 0  9993
2 41469   3.6883 115.0077 0003639  17.7672 327.5468  1.00269976 30958
0 IRNSS 1G
1 41469U 16027A   24278.92309547 -.00000323  00000-0  00000+0 0  9990
2 41469   3.6883 115.0060 0003639  17.8203 343.1749  1.00269953 30952
0 BD-2-G7
1 41586U 16037A   24278.47458656 -.00000344  00000-0  00000-0 0  9991
2 41586   1.6377  66.1776 0006622 351.6116 237.2071  1.00267068   666
0 BD-2-G7
1 41586U 16037A   24278.88063184 -.00000343  00000-0  00000-0 0  9993
2 41586   1.6386  66.1828 0006623 351.6907  23.6922  1.00266845   678
0 BD-2-G7
1 41586U 16037A   24278.99077525 -.00000343  00000-0  00000+0 0  9998
2 41586   1.6388  66.1860 0006623 351.6863  63.4517  1.00266778 30565
0 GALILEO 15 (267)
1 41859U 16069A   24278.14056904  .00000055  00000-0  00000+0 0  9990
2 41859  55.1389 118.2947 0002067 326.8310  33.2477  1.70474141 49031
0 GALILEO 15 (267)
1 41859U 16069A   24278.14056904  .00000055  00000-0  00000-0 0  9991
2 41859  55.1389 118.2947 0002067 326.8310  33.2477  1.70474141 48816
0 GALILEO 15 (267)
1 41859U 16069A   24278.72714591  .00000056  00000-0  00000-0 0  9999
2 41859  55.1392 118.2784 0002044 326.9920  33.0841  1.70474189 48828
0 QZS-2
1 42738U 17028A   24278.44796510 -.00000186  00000-0  00000+0 0  9996
2 42738  40.4046 252.1867 0746589 270.6070 151.7854  1.00255525 26909
0 QZS-2
1 42738U 17028A   24278.44796510 -.00000186  00000-0  00000-0 0  9997
2 42738  40.4046 252.1867 0746589 270.6070 151.7854  1.00255525  1407
0 QZS-3
1 42917U 17048A   24278.35051243 -.00000340  00000-0  00000-0 0  9997
2 42917   0.0574 206.0387 0001726 327.0375  93.7083  1.00274529 26031
0 QZS-3
1 42917U 17048A   24278.88521678 -.00000338  00000-0  00000+0 0  9995
2 42917   0.0569 205.1576 0001735 327.6945 286.9581  1.00274241 26146
0 QZS-3
1 42917U 17048A   24278.88521678 -.00000339  00000-0  00000-0 0  9997
2 42917   0.0569 205.1576 0001735 327.6945 286.9581  1.00274241 26034
0 COSMOS 2522 (GLONASS)
1 42939U 17055A   24278.29327960  .00000017  00000-0  00000+0 0  9993
2 42939  64.0810 213.0382 0008640 239.5728 120.3412  2.13102041 54748
0 COSMOS 2522 (GLONASS)
1 42939U 17055A   24278.29327960  .00000017  00000-0  00000-0 0  9994
2 42939  64.0810 213.0382 0008640 239.5728 120.3412  2.13102041 54748
0 QZS-4
1 42965U 17062A   24278.53910912 -.00000314  00000-0  00000+0 0  9993
2 42965  40.4626 351.4069 0750808 269.9516  86.5215  1.00272627 25588
0 BEIDOU 3M2
1 43002U 17069B   24278.88834239  .00000010  00000-0  00000+0 0  9990
2 43002  56.1531  83.6455 0005424 343.3358  16.6656  1.86231060 47049
0 BEIDOU 3M2
1 43002U 17069B   24278.88834239  .00000010  00000-0  00000-0 0  9991
2 43002  56.1531  83.6455 0005424 343.3358  16.6656  1.86231060 47049
0 GALILEO 20 (2C6)
1 43056U 17079B   24278.11614262  .00000004  00000-0  00000-0 0  9992
2 43056  55.2983 238.5988 0004422 282.3067  77.6012  1.70474077 42416
0 GALILEO 20 (2C6)
1 43056U 17079B   24278.70273100  .00000007  00000-0  00000+0 0  9991
2 43056  55.2981 238.5826 0004411 282.4925  77.4182  1.70474065 42397
0 GALILEO 22 (2C8)
1 43058U 17079D   24278.55671618  .00000006  00000-0  00000-0 0  9992
2 43058  55.2967 238.5828 0004859 278.7021  81.2022  1.70474011 42438
0 GALILEO 22 (2C8)
1 43058U 17079D   24278.55671628  .00000006  00000-0  00000+0 0  9992
2 43058  55.2966 238.5828 0004860 278.6897  81.2146  1.70474008 42409
0 BEIDOU 3M3
1 43107U 18003A   24278.63649815 -.00000067  00000-0  00000+0 0  9995
2 43107  54.8539 323.8549 0002426  83.4657 276.6290  1.86232614 45804
0 BEIDOU 3M3
1 43107U 18003A   24278.63649815 -.00000067  00000-0  00000-0 0  9996
2 43107  54.8539 323.8549 0002426  83.4657 276.6290  1.86232614 45792
0 BEIDOU 3M4
1 43108U 18003B   24278.57784595 -.00000067  00000-0  00000+0 0  9994
2 43108  54.8468 323.8419 0004977 254.7744 105.2377  1.86231065 45807
0 BEIDOU 3M5
1 43207U 18018A   24278.48199837  .00000009  00000-0  00000-0 0  9995
2 43207  56.1123  83.7085 0004577  30.4049 329.6423  1.86231476 45185
0 BEIDOU 3M6
1 43208U 18018B   24278.01168265  .00000009  00000-0  00000-0 0  9996
2 43208  56.1114  83.7285 0004994 326.0648  33.9257  1.86231479 45172
0 BEIDOU 3M7
1 43245U 18029A   24278.23198475 -.00000065  00000-0  00000-0 0  9992
2 43245  54.7342 321.5660 0002122 242.0155 118.0295  1.86232940 44339
0 BEIDOU 3M8
1 43246U 18029B   24278.16149802 -.00000066  00000-0  00000-0 0  9996
2 43246  54.7316 321.5959 0002852 345.3343  14.7242  1.86233072 44317
0 BEIDOU 3M8
1 43246U 18029B   24278.16149821 -.00000066  00000-0  00000-0 0  9997
2 43246  54.7317 321.5959 0002860 345.2668  14.7916  1.86233061 44312
0 BEIDOU 3M8
1 43246U 18029B   24278.69844392 -.00000064  00000-0  00000+0 0  9997
2 43246  54.7313 321.5774 0002865 345.1866  14.8707  1.86233060 44337
0 COSMOS 2527 (GLONASS)
1 43508U 18053A   24278.25274397  .00000044  00000-0  00000-0 0  9997
2 43508  65.2527  94.6720 0007501 213.6010 146.3907  2.13102390 49041
0 COSMOS 2527 (GLONASS)
1 43508U 18053A   24278.25274422  .00000044  00000-0  00000-0 0  9996
2 43508  65.2527  94.6720 0007507 213.5944 146.3973  2.13102380 49044
0 BEIDOU IGSO-7
1 43539U 18057A   24278.37546282 -.00000103  00000-0  00000-0 0  9990
2 43539  55.1469 168.4387 0077989 233.1448 220.3723  1.00278937 22918
0 BEIDOU IGSO-7
1 43539U 18057A   24278.92394294 -.00000101  00000-0  00000+0 0  9992
2 43539  55.1470 168.4339 0077984 233.1228  58.4028  1.00278761 22911
0 BEIDOU IGSO-7
1 43539U 18057A   24278.92394294 -.00000101  00000-0  00000-0 0  9993
2 43539  55.1470 168.4339 0077984 233.1228  58.4028  1.00278761 22911
0 GALILEO 23 (2C9)
1 43566U 18060C   24278.89838022 -.00000089  00000-0  00000+0 0  9999
2 43566  57.3022 358.5208 0004413 268.6480  91.3541  1.70476202 38612
0 GALILEO 23 (2C9)
1 43566U 18060C   24278.89838022 -.00000089  00000-0  00000-0 0  9990
2 43566  57.3022 358.5208 0004413 268.6480  91.3541  1.70476202 38612
0 BEIDOU 3M10
1 43582U 18062B   24278.25137996  .00000012  00000-0  00000+0 0  9996
2 43582  54.1208 203.4119 0005840  19.1260 340.9072  1.86229978 42070
0 BEIDOU 3M10
1 43582U 18062B   24278.25137996  .00000012  00000-0  00000-0 0  9997
2 43582  54.1208 203.4119 0005840  19.1260 340.9072  1.86229978 42070
0 BEIDOU 3M11
1 43602U 18067A   24278.18464756  .00000012  00000-0  00000+0 0  9993
2 43602  54.2120 202.1054 0007835  25.7545 334.2981  1.86227756 41555
0 BEIDOU 3M13
1 43622U 18072A   24278.81658646  .00000009  00000-0  00000+0 0  9990
2 43622  56.0844  83.2252 0003888 302.6476  57.3336  1.86231402 41103
0 BEIDOU 3M13
1 43622U 18072A   24278.81658646  .00000009  00000-0  00000-0 0  9991
2 43622  56.0844  83.2252 0003888 302.6476  57.3336  1.86231402 41103
0 BEIDOU 3M14
1 43623U 18072B   24278.14509835  .00000008  00000-0  00000+0 0  9991
2 43623  56.0852  83.2408 0002610   5.6526 354.3714  1.86231414 41084
0 BEIDOU 3M14
1 43623U 18072B   24278.14509835  .00000008  00000-0  00000-0 0  9992
2 43623  56.0852  83.2408 0002610   5.6526 354.3714  1.86231414 41084
0 BEIDOU 3M15
1 43647U 18078A   24278.30723356 -.00000065  00000-0  00000-0 0  9992
2 43647  54.6305 321.6528 0005925  10.2293 349.8492  1.86232383 40597
0 BEIDOU 3G1
1 43683U 18085A   24278.41595512 -.00000268  00000-0  00000-0 0  9998
2 43683   2.4558 105.5844 0002711  27.9624 169.7478  1.00277890 21838
0 BEIDOU 3G1
1 43683U 18085A   24278.87410519 -.00000267  00000-0  00000-0 0  9990
2 43683   2.4569 105.5700 0002740  27.7577 335.3622  1.00277604 21844
0 COSMOS 2529 (GLONASS)
1 43687U 18086A   24278.35136226  .00000017  00000-0  00000+0 0  9999
2 43687  64.2967 213.5783 0010055 260.5796  99.3056  2.13102052 46052
0 COSMOS 2529 (GLONASS)
1 43687U 18086A   24278.35136226  .00000017  00000-0  00000-0 0  9990
2 43687  64.2967 213.5783 0010055 260.5796  99.3056  2.13102052 46052
0 BEIDOU 3M18
1 43707U 18093B   24278.98953243  .00000019  00000-0  00000+0 0  9997
2 43707  54.2047 203.3356 0007493 321.9008  38.0628  1.86230065 39980
0 BEIDOU 3M18
1 43707U 18093B   24278.98953243  .00000019  00000-0  00000-0 0  9998
2 43707  54.2047 203.3356 0007493 321.9008  38.0628  1.86230065 39980
0 NAVSTAR 77 (USA 289)
1 43873U 18109A   24278.79424326  .00000045  00000-0  00000-0 0  9993
2 43873  55.3403 116.6952 0030996 191.7620 177.5511  2.00560545 42639
0 BEIDOU 3 IGSO-1
1 44204U 19023A   24278.21072176 -.00000211  00000-0  00000-0 0  9993
2 44204  57.8073  44.0884 0024606 206.8650 317.6291  1.00269281   984
0 BEIDOU 3 IGSO-1
1 44204U 19023A   24278.75978133 -.00000210  00000-0  00000-0 0  9999
2 44204  57.8080  44.0829 0024631 206.8566 155.8318  1.00269106   994
0 BEIDOU 2 G8
1 44231U 19027A   24278.53619973 -.00000238  00000-0  00000-0 0  9993
2 44231   1.7435  74.4329 0003371 184.1205  92.7419  1.00273925 19854
0 BEIDOU 2 G8
1 44231U 19027A   24278.86021553 -.00000237  00000-0  00000-0 0  9999
2 44231   1.7443  74.4348 0003365 184.0596 209.7683  1.00273823 19860
0 BEIDOU 2 G8
1 44231U 19027A   24278.92604941 -.00000236  00000-0  00000+0 0  9992
2 44231   1.7444  74.4353 0003362 184.0626 233.5305  1.00273801 19859
0 COSMOS 2534 (GLONASS)
1 44299U 19030A   24278.33524748  .00000017  00000-0  00000+0 0  9997
2 44299  64.3697 213.5425 0012040 282.0236 199.7387  2.13102137 41680
0 COSMOS 2534 (GLONASS)
1 44299U 19030A   24278.33524748  .00000017  00000-0  00000-0 0  9998
2 44299  64.3697 213.5425 0012040 282.0236 199.7387  2.13102137 41691
0 BEIDOU 3 IGSO-2
1 44337U 19035A   24278.37228124 -.00000101  00000-0  00000-0 0  9994
2 44337  55.1814 164.3135 0034585 202.0824 259.7315  1.00263511 19442
0 BEIDOU 3 IGSO-2
1 44337U 19035A   24278.63784336 -.00000101  00000-0  00000+0 0  9994
2 44337  55.1814 164.3112 0034589 202.0578 355.6128  1.00263418 19474
0 BEIDOU 3 IGSO-2
1 44337U 19035A   24278.92093716 -.00000100  00000-0  00000-0 0  9991
2 44337  55.1814 164.3088 0034593 202.0481  97.8072  1.00263328 19444
0 NAVSTAR 78 (USA 293)
1 44506U 19056A   24278.40309584 -.00000093  00000-0  00000-0 0  9999
2 44506  55.8319 355.7660 0047742 191.7087 160.5185  2.00557246 37615
0 BEIDOU 3M24
1 44543U 19061B   24278.29501203  .00000013  00000-0  00000+0 0  9995
2 44543  54.4302 203.6440 0005638 346.7031 133.4090  1.86229752 34228
0 BEIDOU 3 IGSO-3
1 44709U 19073A   24278.42923883 -.00000163  00000-0  00000-0 0  9997
2 44709  55.8661 287.5661 0041258 191.0239 168.8938  1.00269184 18235
0 BEIDOU 3 IGSO-3
1 44709U 19073A   24278.42923933 -.00000163  00000-0  00000-0 0  9993
2 44709  55.8660 287.5661 0041261 191.0140 168.9038  1.00269182 18239
0 BEIDOU 3M22
1 44794U 19078B   24278.49692402 -.00000065  00000-0  00000+0 0  9993
2 44794  54.4514 321.5386 0002699 358.5658   1.4992  1.86232757 33098
0 COSMOS 2544 (GLONASS)
1 44850U 19088A   24278.19687836  .00000044  00000-0  00000-0 0  9996
2 44850  65.2396  94.5087 0011524 247.0085 112.9090  2.13102151 37486
0 BEIDOU 3M19
1 44864U 19090A   24278.95717022  .00000009  00000-0  00000+0 0  9999
2 44864  56.0186  83.3859 0015423 279.8396 221.1485  1.86231807 32676
0 BEIDOU 3M19
1 44864U 19090A   24278.95717022  .00000009  00000-0  00000-0 0  9990
2 44864  56.0186  83.3859 0015423 279.8396 221.1485  1.86231807 32687
0 BEIDOU 3M20
1 44865U 19090B   24278.25318131  .00000009  00000-0  00000+0 0  9991
2 44865  56.0194  83.4428 0012921 295.0175 183.6824  1.86231764 32642
0 BEIDOU 3 G2
1 45344U 20017A   24278.40327388 -.00000133  00000-0  00000-0 0  9996
2 45344   2.4607  33.4713 0003586 189.7005  15.6415  1.00272033 17035
0 BEIDOU 3 G2
1 45344U 20017A   24278.86608465 -.00000132  00000-0  00000-0 0  9993
2 45344   2.4613  33.4838 0003591 189.5979 182.8000  1.00271977 17048
0 COSMOS 2545 (GLONASS)
1 45358U 20018A   24278.39372652 -.00000053  00000-0  00000+0 0  9994
2 45358  64.6962 334.1557 0011763 241.4320 118.5254  2.13102648 35430
0 COSMOS 2545 (GLONASS)
1 45358U 20018A   24278.39372652 -.00000053  00000-0  00000-0 0  9995
2 45358  64.6962 334.1557 0011763 241.4320 118.5254  2.13102648 35430
0 COSMOS 2545 (GLONASS)
1 45358U 20018A   24278.86298615 -.00000052  00000-0  00000-0 0  9992
2 45358  64.6960 334.1393 0011787 241.5893 118.3674  2.13102623 35446
0 BEIDOU 3 G3
1 45807U 20040A   24278.53638862 -.00000345  00000-0  00000-0 0  9997
2 45807   0.9817  52.8448 0002801 307.7168 316.8276  1.00274948 15841
0 BEIDOU 3 G3
1 45807U 20040A   24278.88063184 -.00000344  00000-0  00000+0 0  9992
2 45807   0.9826  52.8719 0002795 307.8327  80.9552  1.00274760 15862
0 BEIDOU 3 G3
1 45807U 20040A   24278.88063184 -.00000345  00000-0  00000-0 0  9994
2 45807   0.9826  52.8719 0002795 307.8327  80.9552  1.00274760 15851
0 NAVSTAR 79 (USA 304)
1 45854U 20041A   24278.44935770 -.00000048  00000-0  00000-0 0  9998
2 45854  56.2161  53.1418 0048132 194.3261 127.3430  2.00571374 31581
0 COSMOS 2547 (GLONASS)
1 46805U 20075A   24278.11104630  .00000015  00000-0  00000-0 0  9992
2 46805  64.5991 213.2239 0007795 240.1297 119.7909  2.13102847 30674
0 NAVSTAR 80 (USA 309)
1 46826U 20078A   24278.99633523  .00000012  00000-0  00000-0 0  9999
2 46826  54.1430 235.9476 0049828 199.0204 132.7425  2.00560544 29064
0 NAVSTAR 81 (USA 319)
1 48859U 21054A   24278.25384656 -.00000095  00000-0  00000+0 0  9992
2 48859  55.3593 357.3733 0018922 222.1466 115.3069  2.00551985 24299
0 QZS-1R
1 49336U 21096A   24278.51222208 -.00000208  00000-0  00000+0 0  9998
2 49336  36.1700  88.8715 0745184 270.0189 334.5336  1.00285310 10779
0 GALILEO 27 (223)
1 49809U 21116A   24278.97132678 -.00000088  00000-0  00000+0 0  9993
2 49809  57.2924 358.4131 0003894 211.0996 148.7320  1.70476516 17604
0 GALILEO 27 (223)
1 49809U 21116A   24278.97132678 -.00000088  00000-0  00000-0 0  9994
2 49809  57.2924 358.4131 0003894 211.0996 148.7320  1.70476516 17604
0 COSMOS 2557 (GLONASS)
1 52984U 22075A   24278.27686310 -.00000056  00000-0  00000-0 0  9992
2 52984  64.6258 336.2797 0013206 273.6014  86.3228  2.13102350 17489
0 COSMOS 2559 (GLONASS)
1 54031U 22130A   24278.22011024 -.00000056  00000-0  00000-0 0  9998
2 54031  64.5981 336.3955 0008212 224.3821 135.6270  2.13101635 15458
0 COSMOS 2564 (GLONASS)
1 54377U 22161A   24278.41044450  .00000018  00000-0  00000-0 0  9992
2 54377  64.7406 213.3383 0010044 221.0049 138.9193  2.13102220 14401
0 NAVSTAR 82 (USA 343)
1 55268U 23009A   24278.47321328  .00000031  00000-0  00000-0 0  9997
2 55268  55.0840 172.8846 0001990  68.0613 113.0407  2.00557084 12795
0 BEIDOU 3 G4
1 56564U 23066A   24278.51090802 -.00000105  00000-0  00000-0 0  9998
2 56564   1.8564 288.5990 0005790 236.8222 192.1737  1.00273745  5171
0 BEIDOU 3 G4
1 56564U 23066A   24278.78609028 -.00000105  00000-0  00000-0 0  9993
2 56564   1.8559 288.5996 0005796 236.7573 291.5768  1.00273730  5177
0 NVS-01
1 56759U 23076A   24278.55418937 -.00000332  00000-0  00000-0 0  9994
2 56759   3.7228 263.7316 0006484 341.0803  97.9682  1.00275195  4897
0 NVS-01
1 56759U 23076A   24278.87965970 -.00000331  00000-0  00000-0 0  9992
2 56759   3.7221 263.7248 0006479 341.0061 215.5432  1.00275018  4899
0 NVS-01
1 56759U 23076A   24278.99451111 -.00000330  00000-0  00000+0 0  9990
2 56759   3.7218 263.7220 0006476 341.0044 257.0087  1.00274949  4982
0 COSMOS 2569 (GLONASS)
1 57517U 23114A   24278.89628950  .00000042  00000-0  00000-0 0  9992
2 57517  64.9677  93.5951 0008585 293.3718  66.5728  2.13104040  9049
0 BEIDOU-3 M25
1 58654U 23207A   24278.04282446  .00000006  00000-0  00000+0 0  9990
2 58654  55.2024  83.3562 0000595 195.6216 164.3988  1.86232297  5277
0 BEIDOU-3 M25
1 58654U 23207A   24278.04282446  .00000006  00000-0  00000-0 0  9991
2 58654  55.2024  83.3562 0000595 195.6216 164.3988  1.86232297  5277
0 BEIDOU-3 M26
1 58655U 23207B   24278.37895985  .00000007  00000-0  00000-0 0  9997
2 58655  55.2051  83.3304 0002040 214.6241 145.3836  1.86231817  5266
0 BEIDOU-3 M26
1 58655U 23207B   24278.91590682  .00000007  00000-0  00000-0 0  9993
2 58655  55.2056  83.3122 0002073 214.6431 145.3626  1.86231816  5273
0 BEIDOU-3 M26
1 58655U 23207B   24278.91590726  .00000007  00000-0  00000+0 0  9991
2 58655  55.2056  83.3122 0002057 214.6616 145.3442  1.86231811  5271
0 GALILEO 29 (10C)
1 59598U 24079A   24278.52737854  .00000054  00000-0  00000+0 0  9990
2 59598  54.7555 118.4487 0002410 158.9346  31.7914  1.70474550  2724
0 GALILEO 29 (10C)
1 59598U 24079A   24278.81646640  .00000055  00000-0  00000-0 0  9996
2 59598  54.7558 118.4406 0002391 158.9889 209.1579  1.70474550  2748
0 GALILEO 30 (10E)
1 59600U 24079C   24278.40008149  .00000054  00000-0  00000-0 0  9990
2 59600  54.7504 118.4525 0003611 109.3401 250.7898  1.70474470  2782
0 GALILEO 30 (10E)
1 59600U 24079C   24278.98665726  .00000055  00000-0  00000+0 0  9993
2 59600  54.7507 118.4361 0003605 109.4601 250.6667  1.70474479  2792
0 GALILEO 30 (10E)
1 59600U 24079C   24278.98665726  .00000055  00000-0  00000-0 0  9994
2 59600  54.7507 118.4361 0003605 109.4601 250.6667  1.70474479  2792
0 GALILEO 32 (137)
1 61182U 24167A   24278.48711943  .00000006  00000-0  00000+0 0  9993
2 61182  55.4087 238.3499 0017165 273.0553  86.7085  1.73177094   285
0 GALILEO 32 (137)
1 61182U 24167A   24278.48711943  .00000006  00000-0  00000-0 0  9994
2 61182  55.4087 238.3499 0017165 273.0553  86.7085  1.73177094   285
0 GALILEO 31 (10D)
1 61183U 24167B   24278.53704925  .00000006  00000-0  00000+0 0  9992
2 61183  55.4090 238.3638 0032528  98.1835 216.1601  1.71379623   287
