0 CUTE-1
1 27844U 03031E   24302.01598346  .00001552  00000-0  70030-3 0  9995
2 27844  98.6794 307.2369 0010723 116.0615 244.1668 14.23579000106710
0 CUTE-1
1 27844U 03031E   24302.43769508  .00001596  00000-0  71929-3 0  9997
2 27844  98.6794 307.6530 0010744 114.9716 245.2579 14.23580476106741
0 CUTE-1
1 27844U 03031E   24302.78912073  .00001660  00000-0  74754-3 0  9993
2 27844  98.6793 307.9997 0010746 114.0394 246.1910 14.23581976106795
0 CUBESAT XI 4
1 27848U 03031J   24302.49635947  .00001401  00000-0  64131-3 0  9998
2 27848  98.6824 307.8761 0010443 129.8093 230.4006 14.22977309106493
0 CUBESAT XI 4
1 27848U 03031J   24302.49635947  .00001401  00000-0  64131-3 0  9998
2 27848  98.6824 307.8761 0010443 129.8093 230.4006 14.22977309106549
0 CUBESAT XI 4
1 27848U 03031J   24302.56667450  .00001398  00000-0  64013-3 0  9994
2 27848  98.6825 307.9454 0010446 129.6190 230.5912 14.22977471106502
0 CUBESAT XI 5
1 28895U 05043F   24302.33103135  .00008324  00000-0  14229-2 0  9991
2 28895  98.2198  78.6082 0014309 298.1545  61.8214 14.69069688 13994
0 CUBESAT XI 5
1 28895U 05043F   24302.33103135  .00008324  00000-0  14229-2 0  9991
2 28895  98.2198  78.6082 0014309 298.1545  61.8214 14.69069688 14221
0 CUBESAT XI 5
1 28895U 05043F   24302.80780656  .00008707  00000-0  14876-2 0  9995
2 28895  98.2202  79.0878 0014298 296.5797  63.3943 14.69078611 14067
0 CUTE-1.7+APD II
1 32785U 08021C   24302.47698417  .00018759  00000-0  15195-2 0  9996
2 32785  97.7741 267.0576 0008050 242.6018 117.4386 14.99738705895433
0 CUTE-1.7+APD II
1 32785U 08021C   24302.81058196  .00018778  00000-0  15206-2 0  9992
2 32785  97.7741 267.3907 0008100 241.2591 118.7819 14.99750795895484
0 AAUSAT CUBESAT 2
1 32788U 08021F   24302.40043197  .00086578  00000-0  29661-2 0  9998
2 32788  97.6037 284.1065 0008670  76.6005 283.6200 15.29824773898591
0 AAUSAT CUBESAT 2
1 32788U 08021F   24302.40043197  .00086578  00000-0  29661-2 0  9998
2 32788  97.6037 284.1065 0008670  76.6005 283.6200 15.29824773898692
0 AAUSAT CUBESAT 2
1 32788U 08021F   24302.92368643  .00094551  00000-0  32259-2 0  9998
2 32788  97.6036 284.6414 0008554  76.1072 284.1119 15.29923452898671
0 CANX-2
1 32790U 08021H   24302.35685590  .00014247  00000-0  12162-2 0  9996
2 32790  97.7829 265.5453 0009896 250.3068 109.7087 14.97762188895200
0 CANX-2
1 32790U 08021H   24302.42366352  .00015330  00000-0  13079-2 0  9998
2 32790  97.7831 265.6120 0009899 250.0119 110.0037 14.97765507895211
0 SEEDS
1 32791U 08021J   24302.35043437  .00031140  00000-0  19666-2 0  9992
2 32791  97.7049 273.3086 0003576 181.4524 178.6695 15.08998005896566
0 SEEDS
1 32791U 08021J   24302.41674498  .00034182  00000-0  21570-2 0  9992
2 32791  97.7051 273.3752 0003576 181.3970 178.7249 15.09004702896573
0 SEEDS
1 32791U 08021J   24302.88091393  .00036412  00000-0  22947-2 0  9997
2 32791  97.7053 273.8415 0003597 180.0287 180.0942 15.09037197896644
0 SWISSCUBE
1 35932U 09051B   24302.57743229  .00006062  00000-0  12720-2 0  9995
2 35932  98.4502 188.4883 0005678 269.2870  90.7679 14.60012485802012
0 SWISSCUBE
1 35932U 09051B   24302.64596524  .00006132  00000-0  12866-2 0  9996
2 35932  98.4502 188.5581 0005682 268.9688  91.0861 14.60013334802028
0 BEESAT
1 35933U 09051C   24302.33732581  .00005046  00000-0  10700-2 0  9996
2 35933  98.4432 188.9688 0004221 287.5683  72.5055 14.59615081802049
0 BEESAT
1 35933U 09051C   24302.33732581  .00005046  00000-0  10700-2 0  9996
2 35933  98.4432 188.9688 0004221 287.5683  72.5055 14.59615081802128
0 ITUPSAT 1
1 35935U 09051E   24302.17539257  .00004573  00000-0  99430-3 0  9997
2 35935  98.4531 188.5121 0006591 293.9123  66.1385 14.58502914801673
0 ITUPSAT 1
1 35935U 09051E   24302.58701496  .00004804  00000-0  10438-2 0  9995
2 35935  98.4531 188.9307 0006563 292.4816  67.5688 14.58506958801702
0 ITUPSAT 1
1 35935U 09051E   24302.93003255  .00004991  00000-0  10840-2 0  9996
2 35935  98.4531 189.2796 0006558 291.2546  68.7952 14.58510625801757
0 TISAT 1
1 36799U 10035E   24302.62431642  .00032343  00000-0  21363-2 0  9994
2 36799  98.0706 198.1158 0005552 118.1706 242.0082 15.07331032777127
0 AEROCUBE 4.5A
1 38767U 12048K   24302.22304615  .00055952  00000-0  23677-2 0  9993
2 38767  64.6554 244.4863 0111500 335.5061  24.0787 15.17309365280597
0 AEROCUBE 4.5A
1 38767U 12048K   24302.22304615  .00055952  00000-0  23677-2 0  9993
2 38767  64.6554 244.4863 0111500 335.5061  24.0787 15.17309365280597
0 AEROCUBE 4.5B
1 38768U 12048L   24302.33228023  .00128436  00000-0  25432-2 0  9993
2 38768  64.6478 156.6938 0074635 320.5626  39.0091 15.43387965281820
0 AEROCUBE 4.5B
1 38768U 12048L   24302.33228023  .00128436  00000-0  25432-2 0  9993
2 38768  64.6478 156.6938 0074635 320.5626  39.0091 15.43387965281820
0 AEROCUBE 4.5B
1 38768U 12048L   24302.98020787  .00138221  00000-0  27180-2 0  9996
2 38768  64.6475 154.5009 0074457 320.2860  39.2838 15.43564021281924
0 STRAND 1
1 39090U 13009E   24302.48137893  .00001718  00000-0  60086-3 0  9998
2 39090  98.3794 127.1390 0008200 208.6800 151.3936 14.36393855611373
0 STRAND 1
1 39090U 13009E   24302.96899209  .00001762  00000-0  61590-3 0  9997
2 39090  98.3793 127.6134 0008233 207.0751 153.0007 14.36395747611445
0 BRITE-A TUGSAT-1
1 39091U 13009F   24302.27740559  .00001167  00000-0  41591-3 0  9993
2 39091  98.3843 126.2159 0009561 217.8617 142.1898 14.36023375611362
0 BRITE-A TUGSAT-1
1 39091U 13009F   24302.27740559  .00001167  00000-0  41591-3 0  9993
2 39091  98.3843 126.2159 0009561 217.8617 142.1898 14.36023375611373
0 BRITE-A TUGSAT-1
1 39091U 13009F   24302.76514459  .00001206  00000-0  42919-3 0  9994
2 39091  98.3843 126.6905 0009573 216.3359 143.7178 14.36024704611438
0 NEE 01 PEGASUS
1 39151U 13018B   24302.07668255  .00013215  00000-0  14495-2 0  9999
2 39151  98.0494  60.7605 0013652 329.0057  31.0352 14.87779010621728
0 NEE 01 PEGASUS
1 39151U 13018B   24302.27844811  .00012167  00000-0  13351-2 0  9990
2 39151  98.0495  60.9651 0013628 328.3462  31.6933 14.87783104621749
0 NEE 01 PEGASUS
1 39151U 13018B   24302.27844811  .00012167  00000-0  13351-2 0  9990
2 39151  98.0495  60.9651 0013628 328.3462  31.6933 14.87783104621750
0 NEE 01 PEGASUS
1 39151U 13018B   24302.81648645  .00013325  00000-0  14608-2 0  9990
2 39151  98.0498  61.5108 0013608 326.5819  33.4537 14.87797503621827
0 NEE 01 PEGASUS
1 39151U 13018B   24302.81648645  .00013325  00000-0  14608-2 0  9990
2 39151  98.0498  61.5108 0013608 326.5819  33.4537 14.87797503621838
0 NEE 01 PEGASUS
1 39151U 13018B   24302.88374075  .00012628  00000-0  13848-2 0  9990
2 39151  98.0499  61.5791 0013603 326.3524  33.6826 14.87798637621846
0 ESTCUBE 1
1 39161U 13021C   24302.12327820  .00009794  00000-0  13689-2 0  9991
2 39161  97.8140   4.5449 0009463 152.4386 207.7329 14.77780505616757
0 ESTCUBE 1
1 39161U 13021C   24302.46182939  .00009708  00000-0  13567-2 0  9998
2 39161  97.8142   4.8733 0009473 151.4770 208.6961 14.77786608616803
0 ESTCUBE 1
1 39161U 13021C   24302.59724942  .00009658  00000-0  13497-2 0  9994
2 39161  97.8142   5.0046 0009476 151.0914 209.0824 14.77789311616786
0 ESTCUBE 1
1 39161U 13021C   24302.80037937  .00009434  00000-0  13186-2 0  9996
2 39161  97.8142   5.2017 0009500 150.3196 209.8556 14.77792450616854
0 ESTCUBE 1
1 39161U 13021C   24302.93579884  .00009494  00000-0  13268-2 0  9999
2 39161  97.8142   5.3330 0009508 149.9634 210.2124 14.77794956616830
0 POPACS 1
1 39268U 13055D   24302.43236025  .00077845  33053-6  11177-2 0  9998
2 39268  80.9780 356.6441 0349145  19.5916 341.8338 15.08383030581979
0 POPACS 1
1 39268U 13055D   24302.56502656  .00081873  45159-6  11757-2 0  9998
2 39268  80.9776 356.4880 0349020  19.1565 342.2404 15.08408377580528
0 POPACS 1
1 39268U 13055D   24302.89668400  .00086772  60938-6  12454-2 0  9994
2 39268  80.9776 356.0976 0348832  18.0616 343.2637 15.08460850580573
0 POPACS 2
1 39269U 13055E   24302.38628349  .00027130  00000-0  60106-3 0  9996
2 39269  80.9969  94.1211 0524578 274.8306  79.3213 14.63251817575034
0 POPACS 2
1 39269U 13055E   24302.38628349  .00027130  00000-0  60106-3 0  9996
2 39269  80.9969  94.1211 0524578 274.8306  79.3213 14.63251817576259
0 POPACS 2
1 39269U 13055E   24302.86494233  .00029809  00000-0  66019-3 0  9996
2 39269  80.9976  93.5963 0524470 273.3557  80.7807 14.63279954575107
0 POPACS 3
1 39270U 13055F   24302.55742417  .00019807  00000-0  52274-3 0  9999
2 39270  81.0048 149.2536 0612614  68.9507 297.6058 14.41033227552140
0 POPACS 3
1 39270U 13055F   24302.83515327  .00020203  00000-0  53321-3 0  9994
2 39270  81.0046 148.9594 0612560  68.1239 298.3915 14.41044382552180
0 ZACUBE
1 39417U 13066B   24302.38212423  .00017930  00000-0  17260-2 0  9994
2 39417  97.7500 255.6977 0050497  79.3807 281.3094 14.92047418591422
0 ZACUBE
1 39417U 13066B   24302.85156514  .00018570  00000-0  17865-2 0  9996
2 39417  97.7500 256.1594 0050466  77.8916 282.7950 14.92064969591496
0 ZACUBE
1 39417U 13066B   24302.85156514  .00018570  00000-0  17865-2 0  9996
2 39417  97.7500 256.1594 0050466  77.8916 282.7950 14.92064969591496
0 WNISAT 1
1 39423U 13066H   24302.44733486  .00004013  00000-0  76412-3 0  9998
2 39423  97.6664 126.0299 0167226 310.9770  47.7062 14.55980671579824
0 WNISAT 1
1 39423U 13066H   24302.51605724  .00004197  00000-0  79864-3 0  9996
2 39423  97.6664 126.0931 0167224 310.7627  47.9159 14.55981764579838
0 WNISAT 1
1 39423U 13066H   24302.99711435  .00004262  00000-0  81091-3 0  9993
2 39423  97.6664 126.5356 0167172 309.2337  49.4123 14.55985764580112
0 TRITON 1
1 39427U 13066M   24302.15267543  .00014554  00000-0  19478-2 0  9995
2 39427  97.8370 215.9684 0100371  14.5532 345.8530 14.76055947586003
0 TRITON 1
1 39427U 13066M   24302.49161646  .00016193  00000-0  21656-2 0  9991
2 39427  97.8371 216.2972 0100270  13.4536 346.9311 14.76068130586050
0 TRITON 1
1 39427U 13066M   24302.55940448  .00016021  00000-0  21427-2 0  9999
2 39427  97.8371 216.3630 0100261  13.2381 347.1424 14.76069909585870
0 TRITON 1
1 39427U 13066M   24302.76276753  .00016506  00000-0  22069-2 0  9994
2 39427  97.8372 216.5603 0100232  12.5859 347.7818 14.76077422586090
0 TRITON 1
1 39427U 13066M   24302.89834248  .00016754  00000-0  22397-2 0  9996
2 39427  97.8373 216.6918 0100214  12.1485 348.2108 14.76081683585925
0 DELFI-N3XT
1 39428U 13066N   24302.47684691  .00029631  00000-0  34426-2 0  9990
2 39428  97.8332 217.5588 0096108  16.9088 343.5291 14.81974823585802
0 GOMX 1
1 39430U 13066Q   24302.11811739  .00009074  00000-0  14618-2 0  9999
2 39430  97.7097 168.4246 0136304 189.1156 170.7572 14.65630066582505
0 GOMX 1
1 39430U 13066Q   24302.45947912  .00009099  00000-0  14655-2 0  9997
2 39430  97.7095 168.7452 0136317 188.0262 171.8763 14.65635543582559
0 GOMX 1
1 39430U 13066Q   24302.59602333  .00008731  00000-0  14065-2 0  9994
2 39430  97.7094 168.8734 0136334 187.5901 172.3243 14.65637676582395
0 GOMX 1
1 39430U 13066Q   24302.73256728  .00009036  00000-0  14551-2 0  9992
2 39430  97.7094 169.0016 0136344 187.1514 172.7749 14.65640623582591
0 GOMX 1
1 39430U 13066Q   24302.86911114  .00008997  00000-0  14489-2 0  9998
2 39430  97.7094 169.1298 0136349 186.7143 173.2240 14.65642834582433
0 CUBEBUG 2
1 39440U 13066AA  24302.10313684  .00014678  00000-0  16207-2 0  9997
2 39440  97.8233 243.1723 0065808 197.3866 162.5097 14.85949444589254
0 CUBEBUG 2
1 39440U 13066AA  24302.57450733  .00014746  00000-0  16276-2 0  9997
2 39440  97.8234 243.6359 0065839 195.7826 164.1339 14.85962583588128
0 CUBEBUG 2
1 39440U 13066AA  24302.77652179  .00014950  00000-0  16497-2 0  9999
2 39440  97.8235 243.8345 0065850 195.1003 164.8248 14.85968977588152
0 NEE 02 KRYSAOR
1 39441U 13066AB  24302.48418990  .00009562  00000-0  11628-2 0  9993
2 39441  97.8321 238.8342 0070619 221.1272 138.4606 14.81892894587667
0 FUNCUBE 1
1 39444U 13066AE  24302.12005810  .00026521  00000-0  23211-2 0  9995
2 39444  97.7356 258.9768 0047587  59.4678 301.1228 14.95801965590546
0 FUNCUBE 1
1 39444U 13066AE  24302.32074281  .00023389  00000-0  20481-2 0  9990
2 39444  97.7356 259.1750 0047548  58.8451 301.7420 14.95810241589982
0 FUNCUBE 1
1 39444U 13066AE  24302.85589518  .00026710  00000-0  23355-2 0  9996
2 39444  97.7356 259.7037 0047482  57.0438 303.5335 14.95838961590064
0 UWE-3
1 39446U 13066AG  24302.33210920  .00014466  00000-0  15031-2 0  9996
2 39446  97.7950 249.5288 0058776 139.4261 221.1359 14.88716761588498
0 UWE-3
1 39446U 13066AG  24302.33210920  .00014466  00000-0  15031-2 0  9996
2 39446  97.7950 249.5288 0058776 139.4261 221.1359 14.88716761589084
0 UWE-3
1 39446U 13066AG  24302.39932275  .00015657  00000-0  16260-2 0  9994
2 39446  97.7950 249.5950 0058790 139.2032 221.3609 14.88720200588509
0 UWE-3
1 39446U 13066AG  24302.80260231  .00016087  00000-0  16697-2 0  9998
2 39446  97.7952 249.9919 0058836 137.8984 222.6776 14.88733154588568
0 BRITE TORONTO
1 40020U 14033L   24302.11035790  .00004728  00000-0  74986-3 0  9992
2 40020  97.8962  74.7763 0082341  28.3926 332.1731 14.70357415554507
0 BRITE TORONTO
1 40020U 14033L   24302.31451154  .00004480  00000-0  71110-3 0  9991
2 40020  97.8961  74.9741 0082324  27.7406 332.8156 14.70358553554536
0 BRITE TORONTO
1 40020U 14033L   24302.38256245  .00004776  00000-0  75744-3 0  9997
2 40020  97.8962  75.0399 0082322  27.5250 333.0280 14.70359988554434
0 BRITE TORONTO
1 40020U 14033L   24302.38256245  .00004776  00000-0  75744-3 0  9997
2 40020  97.8962  75.0399 0082322  27.5250 333.0280 14.70359988554546
0 BRITE TORONTO
1 40020U 14033L   24302.85891930  .00004769  00000-0  75627-3 0  9997
2 40020  97.8964  75.5014 0082291  26.0077 334.5230 14.70364229554504
0 DUCHIFAT 1
1 40021U 14033M   24302.41120968  .00042794  00000-0  23378-2 0  9991
2 40021  98.0998 293.7643 0012694  22.4988 337.6796 15.14105074564230
0 DUCHIFAT 1
1 40021U 14033M   24302.41120968  .00042794  00000-0  23378-2 0  9991
2 40021  98.0998 293.7643 0012694  22.4988 337.6796 15.14105074564230
0 DUCHIFAT 1
1 40021U 14033M   24302.74163970  .00047647  00000-0  25984-2 0  9994
2 40021  98.0995 294.1155 0012635  21.3678 338.8077 15.14137604564283
0 DUCHIFAT 1
1 40021U 14033M   24302.93989417  .00049691  00000-0  27073-2 0  9999
2 40021  98.0994 294.3263 0012605  20.6319 339.5418 15.14159104564315
0 NANOSAT C BR1
1 40024U 14033Q   24302.39833261  .00031267  00000-0  19959-2 0  9991
2 40024  98.0775 280.5943 0008856  82.1431 278.0801 15.08579975563292
0 NANOSAT C BR1
1 40024U 14033Q   24302.39833261  .00031267  00000-0  19959-2 0  9991
2 40024  98.0775 280.5943 0008856  82.1431 278.0801 15.08579975563810
0 QB50P1
1 40025U 14033R   24302.37549371  .00022913  00000-0  16709-2 0  9994
2 40025  98.0599 267.9710 0014901  90.9310 269.3621 15.03637535562866
0 QB50P1
1 40025U 14033R   24302.64167902  .00026253  00000-0  19121-2 0  9992
2 40025  98.0600 268.2483 0014945  90.0974 270.1963 15.03651509563413
0 QB50P1
1 40025U 14033R   24302.90786194  .00026408  00000-0  19226-2 0  9999
2 40025  98.0600 268.5256 0014976  89.3117 270.9823 15.03665283562942
0 QB50P2
1 40032U 14033Y   24302.33535428  .00022238  00000-0  16900-2 0  9999
2 40032  98.0174 258.6785 0012159  50.3109 309.9185 15.02111348563158
0 QB50P2
1 40032U 14033Y   24302.60180974  .00024864  00000-0  18876-2 0  9992
2 40032  98.0174 258.9541 0012139  49.4427 310.7852 15.02124432562676
0 QB50P2
1 40032U 14033Y   24302.86826272  .00025510  00000-0  19357-2 0  9992
2 40032  98.0175 259.2295 0012108  48.5639 311.6622 15.02138427562717
0 PERSEUS M2
1 40037U 14033AD  24302.16998349  .00008310  00000-0  82778-3 0  9992
2 40037  97.9334 233.5629 0014548 112.7982 247.4775 14.91784034562148
0 PERSEUS M2
1 40037U 14033AD  24302.50535821  .00008896  00000-0  88556-3 0  9991
2 40037  97.9335 233.9004 0014560 111.7327 248.5443 14.91790794562195
0 PERSEUS M2
1 40037U 14033AD  24302.57243291  .00008911  00000-0  88703-3 0  9997
2 40037  97.9335 233.9680 0014554 111.6171 248.6599 14.91792032561700
0 PERSEUS M2
1 40037U 14033AD  24302.77365700  .00008793  00000-0  87525-3 0  9998
2 40037  97.9337 234.1704 0014556 111.0122 249.2654 14.91795545561738
0 PERSEUS M2
1 40037U 14033AD  24302.77365700  .00008793  00000-0  87525-3 0  9998
2 40037  97.9337 234.1704 0014556 111.0122 249.2654 14.91795545562234
0 PERSEUS M1
1 40039U 14033AF  24302.21226542  .00008643  00000-0  86387-3 0  9998
2 40039  97.9107 229.2696 0014267 111.9708 248.3028 14.91637208562016
0 PERSEUS M1
1 40039U 14033AF  24302.27934716  .00008665  00000-0  86607-3 0  9992
2 40039  97.9109 229.3370 0014272 111.7108 248.5631 14.91638459562028
0 PERSEUS M1
1 40039U 14033AF  24302.54767356  .00009272  00000-0  92608-3 0  9999
2 40039  97.9109 229.6061 0014306 110.8327 249.4425 14.91643743561559
0 PERSEUS M1
1 40039U 14033AF  24302.74891767  .00009400  00000-0  93872-3 0  9992
2 40039  97.9110 229.8080 0014322 110.2212 250.0548 14.91647754561582
0 PERSEUS M1
1 40039U 14033AF  24302.74891767  .00009400  00000-0  93872-3 0  9992
2 40039  97.9110 229.8080 0014322 110.2212 250.0548 14.91647754562099
0 POLYITAN 1
1 40042U 14033AJ  24302.20687270  .00034208  00000-0  22114-2 0  9993
2 40042  98.0849 272.5314 0014388  51.8676 308.3846 15.08038974563350
0 POLYITAN 1
1 40042U 14033AJ  24302.40592789  .00036070  00000-0  23297-2 0  9997
2 40042  98.0849 272.7407 0014430  51.4634 308.7883 15.08057803562876
0 POLYITAN 1
1 40042U 14033AJ  24302.87038365  .00039051  00000-0  25184-2 0  9992
2 40042  98.0851 273.2292 0014387  50.1844 310.0647 15.08094271562949
0 TIGRISAT
1 40043U 14033AK  24302.16035579  .00010076  00000-0  12900-2 0  9997
2 40043  97.7091  99.3989 0053067 229.2570 130.4029 14.80512547557420
0 TIGRISAT
1 40043U 14033AK  24302.43069857  .00010288  00000-0  13167-2 0  9994
2 40043  97.7091  99.6588 0053075 228.3651 131.3010 14.80518633557160
0 TIGRISAT
1 40043U 14033AK  24302.90379585  .00011280  00000-0  14425-2 0  9999
2 40043  97.7088 100.1134 0053078 226.7660 132.9116 14.80530159557235
0 AEROCUBE 6A
1 40045U 14033AM  24302.41639264  .00022765  00000-0  25019-2 0  9991
2 40045  97.6768 110.9867 0047192 202.4845 157.4304 14.86808507557567
0 AEROCUBE 6A
1 40045U 14033AM  24302.75289045  .00024881  00000-0  27319-2 0  9992
2 40045  97.6768 111.3117 0047210 201.3462 158.5787 14.86825935557857
0 AEROCUBE 6A
1 40045U 14033AM  24302.95478733  .00025836  00000-0  28354-2 0  9999
2 40045  97.6767 111.5067 0047191 200.6638 159.2672 14.86837446557645
0 AEROCUBE 6B
1 40046U 14033AN  24302.43816705  .00022618  00000-0  24294-2 0  9992
2 40046  97.6738 109.8405 0045831 197.1411 162.8261 14.87785869557633
0 AEROCUBE 6B
1 40046U 14033AN  24302.90895362  .00025224  00000-0  27058-2 0  9997
2 40046  97.6734 110.2956 0045887 195.5848 164.3959 14.87811096557704
0 CANX-4
1 40055U 14034C   24302.51809001  .00005701  00000-0  77823-3 0  9994
2 40055  98.3826 142.8464 0014208 122.1007 238.1584 14.78972469556250
0 CANX-4
1 40055U 14034C   24302.51809001  .00005701  00000-0  77823-3 0  9994
2 40055  98.3826 142.8464 0014208 122.1007 238.1584 14.78972469556283
0 CANX-5
1 40056U 14034D   24302.52236501  .00005596  00000-0  76386-3 0  9990
2 40056  98.3830 142.8609 0014203 122.0651 238.1940 14.78982860547067
0 CANX-5
1 40056U 14034D   24302.79298352  .00005760  00000-0  78595-3 0  9998
2 40056  98.3829 143.1429 0014221 121.2759 238.9845 14.78986287547103
0 CANX-5
1 40056U 14034D   24302.99594711  .00005681  00000-0  77517-3 0  9993
2 40056  98.3828 143.3545 0014229 120.6560 239.6054 14.78988500556351
0 UKUBE 1
1 40074U 14037F   24302.27601261  .00025015  00000-0  21173-2 0  9995
2 40074  98.3496 240.7749 0005162  22.4975 337.6471 14.97996358558675
0 UKUBE 1
1 40074U 14037F   24302.34280932  .00026934  00000-0  22784-2 0  9991
2 40074  98.3497 240.8464 0005162  22.1201 338.0241 14.98000831558684
0 UKUBE 1
1 40074U 14037F   24302.81038048  .00028166  00000-0  23804-2 0  9995
2 40074  98.3496 241.3465 0005101  19.9332 340.2087 14.98026146558750
0 UKUBE 1
1 40074U 14037F   24302.81038048  .00028166  00000-0  23804-2 0  9995
2 40074  98.3496 241.3465 0005101  19.9332 340.2087 14.98026146558750
0 BRITE-PL 2
1 40119U 14049B   24302.22806317  .00009533  00000-0  98302-3 0  9998
2 40119  97.8866  41.4400 0014079 287.1743  72.7933 14.90359089552389
0 BRITE-PL 2
1 40119U 14049B   24302.76517435  .00010247  00000-0  10558-2 0  9997
2 40119  97.8870  41.9762 0014040 285.2364  74.7301 14.90371014552468
0 AEROCUBE 5C
1 40965U 15058B   24302.45487004  .00014480  00000-0  12344-2 0  9999
2 40965  64.7692 311.9212 0190237 268.3665  89.5647 14.84956229276810
0 AEROCUBE 5C
1 40965U 15058B   24302.45487004  .00014480  00000-0  12344-2 0  9999
2 40965  64.7692 311.9212 0190237 268.3665  89.5647 14.84956229276809
0 AEROCUBE 5C
1 40965U 15058B   24302.72425437  .00015498  00000-0  13198-2 0  9999
2 40965  64.7693 311.0915 0190200 268.2831  89.6486 14.84965230276854
0 AEROCUBE 7
1 40966U 15058C   24302.34871816  .00018537  00000-0  15055-2 0  9995
2 40966  64.7661 304.6401 0184149 268.0409  89.9604 14.87338137276894
0 AEROCUBE 7
1 40966U 15058C   24302.75214672  .00019405  00000-0  15746-2 0  9993
2 40966  64.7660 303.3925 0184101 267.9153  90.0866 14.87354005276976
0 FOX-1
1 40967U 15058D   24302.02963558  .00016564  00000-0  14405-2 0  9992
2 40967  64.7777 327.5908 0188470 264.2317  93.7278 14.84384268 24698
0 FOX-1
1 40967U 15058D   24302.36649619  .00015043  00000-0  13098-2 0  9996
2 40967  64.7777 326.5544 0188439 264.1339  93.8263 14.84393071 24744
0 FOX-1
1 40967U 15058D   24302.43386810  .00015725  00000-0  13682-2 0  9991
2 40967  64.7778 326.3471 0188428 264.1148  93.8456 14.84395925 24753
0 BISONSAT
1 40968U 15058E   24302.33905998  .00019078  00000-0  15763-2 0  9992
2 40968  64.7773 317.9800 0181590 263.1759  94.8661 14.87017995 27596
0 BISONSAT
1 40968U 15058E   24302.74257543  .00020429  00000-0  16859-2 0  9992
2 40968  64.7772 316.7333 0181549 263.0556  94.9874 14.87035437 27656
0 SNAP-3 ALICE
1 40970U 15058G   24302.30254523  .00052380  00000-0  30105-2 0  9993
2 40970  64.7676 266.2857 0142957 261.4640  97.0257 15.03874382 25744
0 SNAP-3 ALICE
1 40970U 15058G   24302.30254523  .00052380  00000-0  30105-2 0  9993
2 40970  64.7676 266.2857 0142957 261.4640  97.0257 15.03874382 25744
0 SNAP-3 ALICE
1 40970U 15058G   24302.63503691  .00059518  00000-0  34136-2 0  9990
2 40970  64.7677 265.2306 0142861 261.3422  97.1491 15.03912163 25790
0 LMRST-SAT
1 40971U 15058H   24302.07788369  .00016536  00000-0  14346-2 0  9990
2 40971  64.7775 323.0012 0189877 265.6031  92.3363 14.84298698 24701
0 LMRST-SAT
1 40971U 15058H   24302.34738797  .00015650  00000-0  13585-2 0  9990
2 40971  64.7775 322.1721 0189875 265.5350  92.4047 14.84305820 24749
0 LMRST-SAT
1 40971U 15058H   24302.41476380  .00015620  00000-0  13559-2 0  9993
2 40971  64.7775 321.9649 0189867 265.5142  92.4256 14.84307960 24755
0 SNAP-3 EDDIE
1 40972U 15058J   24302.27822743  .00051492  00000-0  29206-2 0  9999
2 40972  64.7650 259.4828 0143069 262.2948  96.1905 15.04319946 27849
0 SNAP-3 EDDIE
1 40972U 15058J   24302.27822743  .00051492  00000-0  29206-2 0  9999
2 40972  64.7650 259.4828 0143069 262.2948  96.1905 15.04319946 27849
0 PROPCUBE 3
1 40973U 15058K   24302.26501432  .00018326  00000-0  15154-2 0  9994
2 40973  64.7703 308.9125 0185904 266.9659  91.0165 14.86477782 25799
0 PROPCUBE 3
1 40973U 15058K   24302.33229203  .00017943  00000-0  14841-2 0  9991
2 40973  64.7704 308.7049 0185906 266.9473  91.0351 14.86479267 25808
0 PROPCUBE 3
1 40973U 15058K   24302.39956926  .00018104  00000-0  14972-2 0  9991
2 40973  64.7704 308.4972 0185893 266.9271  91.0555 14.86482037 25817
0 SINOD-D 1
1 40974U 15058L   24302.24077286  .00035205  00000-0  23755-2 0  9999
2 40974  64.7654 277.9605 0161438 264.8266  93.4408 14.96377323 25630
0 SINOD-D 1
1 40974U 15058L   24302.30760522  .00037423  00000-0  25235-2 0  9997
2 40974  64.7654 277.7508 0161406 264.8038  93.4641 14.96383451 25641
0 SNAP-3 JIMI
1 40975U 15058M   24302.37168484  .00025118  00000-0  19089-2 0  9992
2 40975  64.7676 294.3617 0175628 266.0128  92.0892 14.90624450 24853
0 SNAP-3 JIMI
1 40975U 15058M   24302.37168484  .00025118  00000-0  19089-2 0  9992
2 40975  64.7676 294.3617 0175628 266.0128  92.0892 14.90624450 24853
0 SNAP-3 JIMI
1 40975U 15058M   24302.70713395  .00026970  00000-0  20474-2 0  9993
2 40975  64.7677 293.3190 0175579 265.8935  92.2093 14.90642982 24908
0 PROPCUBE 1
1 40976U 15058N   24302.51543344  .00015108  00000-0  13638-2 0  9993
2 40976  64.7770 337.8335 0188622 266.7784  91.1730 14.83048327 27558
0 PROPCUBE 1
1 40976U 15058N   24302.51543344  .00015108  00000-0  13638-2 0  9993
2 40976  64.7770 337.8335 0188622 266.7784  91.1730 14.83048327 27558
0 SINOD-D 3
1 40977U 15058P   24302.10259579  .00019920  00000-0  17071-2 0  9994
2 40977  64.7754 330.9802 0181754 266.1615  91.8698 14.85652840 25753
0 SINOD-D 3
1 40977U 15058P   24302.37185414  .00018371  00000-0  15756-2 0  9996
2 40977  64.7753 330.1499 0181743 266.0841  91.9475 14.85661160 25797
0 SINOD-D 3
1 40977U 15058P   24302.43916841  .00019387  00000-0  16616-2 0  9993
2 40977  64.7755 329.9426 0181720 266.0699  91.9620 14.85665071 25800
0 HORYU 4
1 41340U 16012D   24302.06222489  .00042030  00000-0  17364-2 0  9998
2 41340  31.0008 186.0435 0008817 260.5772  99.3873 15.22777374478379
0 HORYU 4
1 41340U 16012D   24302.38995553  .00040003  00000-0  16516-2 0  9998
2 41340  31.0009 183.8865 0008851 263.6998  96.2636 15.22802956478428
0 HORYU 4
1 41340U 16012D   24302.91431312  .00043126  00000-0  17777-2 0  9994
2 41340  31.0008 180.4351 0008880 268.7865  91.1759 15.22848939478501
0 RAVAN
1 41849U 16067B   24302.02224672  .00031809  00000-0  15096-2 0  9996
2 41849  98.0625 128.0070 0011087 298.1256  61.8856 15.19145863436118
0 RAVAN
1 41849U 16067B   24302.48331665  .00035402  00000-0  16773-2 0  9993
2 41849  98.0624 128.4992 0011095 296.5715  63.4381 15.19177813436183
0 RAVAN
1 41849U 16067B   24302.94437608  .00036809  00000-0  17418-2 0  9997
2 41849  98.0622 128.9909 0011096 294.9974  65.0106 15.19212004436257
0 RAVAN
1 41849U 16067B   24302.94437608  .00036809  00000-0  17418-2 0  9997
2 41849  98.0622 128.9909 0011096 294.9974  65.0106 15.19212004436257
0 CELTEE 1
1 41850U 16067C   24302.21523473  .00017700  00000-0  11020-2 0  9997
2 41850  98.1083 118.9184 0002111  97.6736 262.4731 15.09657775435474
0 CELTEE 1
1 41850U 16067C   24302.74548212  .00018771  00000-0  11676-2 0  9999
2 41850  98.1079 119.4790 0002085  96.2743 263.8722 15.09678316435559
0 CELTEE 1
1 41850U 16067C   24302.74548212  .00018771  00000-0  11676-2 0  9999
2 41850  98.1079 119.4790 0002085  96.2743 263.8722 15.09678316435559
0 OPTICUBE 04
1 41851U 16067D   24302.45567855  .00009447  00000-0  67613-3 0  9995
2 41851  98.0851 113.2419 0016869 333.3177  26.7178 15.04546520435263
0 OPTICUBE 04
1 41851U 16067D   24302.45567855  .00009447  00000-0  67613-3 0  9995
2 41851  98.0851 113.2419 0016869 333.3177  26.7178 15.04546520435263
0 AEROCUBE 8D
1 41852U 16067E   24302.00911127  .00021046  00000-0  12451-2 0  9990
2 41852  98.1127 118.8503 0005132  30.8839 329.2690 15.11467832435436
0 AEROCUBE 8D
1 41852U 16067E   24302.47252235  .00021881  00000-0  12934-2 0  9992
2 41852  98.1124 119.3420 0005103  29.2058 330.9455 15.11489050435502
0 AEROCUBE 8D
1 41852U 16067E   24302.47252235  .00021881  00000-0  12934-2 0  9992
2 41852  98.1124 119.3420 0005103  29.2058 330.9455 15.11489050435502
0 AEROCUBE 8D
1 41852U 16067E   24302.93592738  .00022857  00000-0  13500-2 0  9992
2 41852  98.1122 119.8334 0005102  26.9849 333.1644 15.11509596435570
0 AEROCUBE 8C
1 41853U 16067F   24302.42215735  .00021693  00000-0  12822-2 0  9999
2 41853  98.0951 117.5451 0006569 315.6050  44.4652 15.11487326435482
0 AEROCUBE 8C
1 41853U 16067F   24302.75316166  .00023202  00000-0  13702-2 0  9991
2 41853  98.0950 117.8955 0006540 314.4041  45.6652 15.11503305435534
0 AEROCUBE 8C
1 41853U 16067F   24302.75316166  .00023202  00000-0  13702-2 0  9991
2 41853  98.0950 117.8955 0006540 314.4041  45.6652 15.11503305435534
0 PROMETHEUS 2-1
1 41854U 16067G   24302.48148163  .00052844  00000-0  20606-2 0  9997
2 41854  98.0972 127.5477 0010305 322.6352  37.4166 15.25708524435990
0 PROMETHEUS 2-3
1 41855U 16067H   24302.22020948  .00053090  00000-0  20778-2 0  9994
2 41855  98.0911 126.6250 0008871 334.3913  25.6882 15.25597369435954
0 PROMETHEUS 2-3
1 41855U 16067H   24302.41697612  .00057469  00000-0  22460-2 0  9997
2 41855  98.0913 126.8379 0008846 333.4565  26.6217 15.25621104435986
0 PROMETHEUS 2-3
1 41855U 16067H   24302.48256437  .00057727  00000-0  22554-2 0  9991
2 41855  98.0913 126.9088 0008859 333.4077  26.6704 15.25630182435994
0 CORVUS BC2
1 42846U 17042X   24302.46451892  .00013396  00000-0  10854-2 0  9990
2 42846  97.3780 120.3466 0008232 344.7118  15.3856 14.99792858397408
0 CORVUS BC2
1 42846U 17042X   24302.46451892  .00013396  00000-0  10854-2 0  9990
2 42846  97.3780 120.3466 0008232 344.7118  15.3856 14.99792858397408
0 CORVUS BC1
1 42847U 17042Y   24302.47839414  .00011312  00000-0  91448-3 0  9997
2 42847  97.3732 120.7817 0008492 328.0802  31.9907 14.99918925397421
0 CORVUS BC1
1 42847U 17042Y   24302.74524202  .00012316  00000-0  99496-3 0  9999
2 42847  97.3730 121.0346 0008491 327.0286  33.0407 14.99925751397461
0 CORVUS BC1
1 42847U 17042Y   24302.74524202  .00012316  00000-0  99496-3 0  9999
2 42847  97.3730 121.0346 0008491 327.0286  33.0407 14.99925751397461
0 MIRATA
1 43015U 17073C   24302.40383166  .00064869  00000-0  23782-2 0  9990
2 43015  97.5717 186.3263 0143228 161.4803 199.1722 15.18566122376467
0 MIRATA
1 43015U 17073C   24302.40383166  .00064869  00000-0  23782-2 0  9990
2 43015  97.5717 186.3263 0143228 161.4803 199.1722 15.18566122376467
0 MIRATA
1 43015U 17073C   24302.93097436  .00074465  00000-0  27213-2 0  9996
2 43015  97.5716 186.8546 0143094 159.6527 201.0491 15.18644787376547
0 MIRATA
1 43015U 17073C   24302.93097436  .00074465  00000-0  27213-2 0  9996
2 43015  97.5716 186.8546 0143094 159.6527 201.0491 15.18644787376547
0 MAKERSAT 0
1 43016U 17073D   24302.16199699  .00032761  00000-0  16552-2 0  9993
2 43016  97.5483 177.7525 0175749 190.8660 168.8751 15.04474514375858
0 MAKERSAT 0
1 43016U 17073D   24302.62757369  .00035113  00000-0  17721-2 0  9991
2 43016  97.5482 178.2077 0175666 189.2911 170.5053 15.04507275375939
0 SIRION PATHFINDER-2
1 43759U 18099B   24302.56019129  .00018052  00000-0  12553-2 0  9993
2 43759  97.5134 355.0590 0010436 186.1456 173.9645 15.05510606322552
0 SIRION PATHFINDER-2
1 43759U 18099B   24302.56019129  .00018052  00000-0  12553-2 0  9993
2 43759  97.5134 355.0590 0010436 186.1456 173.9645 15.05510606322552
0 CORVUS BC4
1 43767U 18099K   24302.39956942  .00014402  00000-0  10311-2 0  9991
2 43767  97.4968 351.6763 0008037 245.6637 114.3751 15.04487907322402
0 CORVUS BC4
1 43767U 18099K   24302.59909767  .00015647  00000-0  11194-2 0  9998
2 43767  97.4967 351.8699 0008043 244.8976 115.1416 15.04495882322436
0 CORVUS BC4
1 43767U 18099K   24302.86513412  .00016492  00000-0  11792-2 0  9999
2 43767  97.4968 352.1282 0008078 243.9579 116.0817 15.04504866322478
0 MOVE-II
1 43780U 18099Y   24302.42955832  .00081811  00000-0  30309-2 0  9994
2 43780  97.5035   4.9635 0004697 221.9805 138.1075 15.27302624323176
0 MOVE-II
1 43780U 18099Y   24302.42955832  .00081811  00000-0  30309-2 0  9994
2 43780  97.5035   4.9635 0004697 221.9805 138.1075 15.27302624323176
0 MOVE-II
1 43780U 18099Y   24302.62610750  .00085969  00000-0  31799-2 0  9995
2 43780  97.5034   5.1612 0004707 221.7645 138.3235 15.27335140323208
0 SPACEBEE-7
1 43816U 18099BL  24302.45392928  .00048829  00000-0  23251-2 0  9998
2 43816  97.5326   5.0107 0008790 179.6348 180.4894 15.18938869322583
0 SPACEBEE-7
1 43816U 18099BL  24302.45392928  .00048829  00000-0  23251-2 0  9998
2 43816  97.5326   5.0107 0008790 179.6348 180.4894 15.18938869322583
0 SPACEBEE-7
1 43816U 18099BL  24302.78331189  .00052230  00000-0  24830-2 0  9991
2 43816  97.5325   5.3393 0008793 178.2261 181.9006 15.18976088322636
0 SPACEBEE-6
1 43818U 18099BN  24302.18212142  .00191568  00000-0  39512-2 0  9995
2 43818  97.5216  13.3655 0005997 185.4712 174.6472 15.45138903323263
0 SPACEBEE-6
1 43818U 18099BN  24302.18212142  .00191568  00000-0  39512-2 0  9995
2 43818  97.5216  13.3655 0005997 185.4712 174.6472 15.45138903323263
0 SPACEBEE-6
1 43818U 18099BN  24302.63542478  .00208851  00000-0  42719-2 0  9990
2 43818  97.5215  13.8349 0005922 184.9388 175.1803 15.45318596323338
0 SPACEBEE-6
1 43818U 18099BN  24302.63542478  .00208851  00000-0  42719-2 0  9990
2 43818  97.5215  13.8349 0005922 184.9388 175.1803 15.45318596323338
0 SHIELDS 1
1 43850U 18104B   24302.14845902  .00042022  00000-0  89841-3 0  9991
2 43850  85.0251 192.4778 0006676 305.7164  54.3469 15.44626979326636
0 SHIELDS 1
1 43850U 18104B   24302.14845902  .00042022  00000-0  89841-3 0  9991
2 43850  85.0251 192.4778 0006676 305.7164  54.3469 15.44626979326636
0 SHIELDS 1
1 43850U 18104B   24302.66673107  .00042608  00000-0  90953-3 0  9990
2 43850  85.0248 192.1226 0006609 302.9234  57.1384 15.44671092326712
0 SONATE
1 44400U 19038Q   24302.46750250  .00072886  00000-0  15450-2 0  9991
2 44400  97.7156 303.4587 0012867   4.2119 355.9234 15.44733615294577
0 SONATE
1 44400U 19038Q   24302.46750250  .00072886  00000-0  15450-2 0  9991
2 44400  97.7156 303.4587 0012867   4.2119 355.9234 15.44733615294577
0 SONATE
1 44400U 19038Q   24302.72661056  .00074017  00000-0  15668-2 0  9994
2 44400  97.7152 303.7333 0012772   3.3823 356.7508 15.44771021294613
0 LUCKY-7
1 44406U 19038W   24302.49527561  .00252255  00000-0  20565-2 0  9990
2 44406  97.6957 310.5623 0005184 356.8676   3.2552 15.69843065295068
0 LUCKY-7
1 44406U 19038W   24302.49527561  .00252255  00000-0  20565-2 0  9990
2 44406  97.6957 310.5623 0005184 356.8676   3.2552 15.69843065295068
0 LUCKY-7
1 44406U 19038W   24302.75023693  .00260276  00000-0  21090-2 0  9992
2 44406  97.6958 310.8427 0005115 355.9765   4.1454 15.69967849295100
0 OBJECT C
1 44854U 19089C   24302.16579086  .00051178  00000-0  20231-2 0  9997
2 44854  36.9542 317.4538 0009418 155.5998 204.5199 15.24471081268448
0 OBJECT C
1 44854U 19089C   24302.42777127  .00051358  00000-0  20284-2 0  9990
2 44854  36.9542 315.8433 0009484 157.6669 202.4495 15.24499013268558
0 OBJECT C
1 44854U 19089C   24302.42777127  .00051358  00000-0  20284-2 0  9990
2 44854  36.9542 315.8433 0009484 157.6669 202.4495 15.24499013268480
0 M2 PATHFINDER
1 45727U 20037E   24302.44974543  .00012005  00000-0  99172-3 0  9997
2 45727  97.7829 118.4079 0012649  46.2972 313.9296 14.99051840235892
0 NETSAT-4
1 46504U 20068U   24302.35398134  .00030355  00000-0  14004-2 0  9999
2 46504  97.8206 263.6194 0006112 262.1986  97.8555 15.20170412224367
0 NETSAT-4
1 46504U 20068U   24302.35398134  .00030355  00000-0  14004-2 0  9999
2 46504  97.8206 263.6194 0006112 262.1986  97.8555 15.20170412224367
0 NETSAT-4
1 46504U 20068U   24302.61727480  .00033764  00000-0  15558-2 0  9990
2 46504  97.8205 263.8925 0006108 261.0129  99.0414 15.20188180224406
0 NETSAT-3
1 46505U 20068V   24302.85151538  .00033647  00000-0  15781-2 0  9990
2 46505  97.8187 263.4749 0005789 275.5314  84.5259 15.19578117224425
0 NETSAT-3
1 46505U 20068V   24302.85151538  .00033647  00000-0  15781-2 0  9990
2 46505  97.8187 263.4749 0005789 275.5314  84.5259 15.19578117224425
0 NETSAT-1
1 46506U 20068W   24302.35607467  .00023650  00000-0  11996-2 0  9990
2 46506  97.8214 262.0449 0005169 295.2876  64.7820 15.16928741224280
0 NETSAT-1
1 46506U 20068W   24302.81782074  .00026859  00000-0  13603-2 0  9990
2 46506  97.8215 262.5214 0005153 293.3863  66.6827 15.16953460224356
0 NETSAT-1
1 46506U 20068W   24302.88378381  .00027005  00000-0  13675-2 0  9992
2 46506  97.8215 262.5895 0005145 293.1046  66.9643 15.16957370224367
0 NETSAT-2
1 46507U 20068X   24302.83525050  .00032513  00000-0  15022-2 0  9993
2 46507  97.8188 263.7130 0004186 304.2968  55.7869 15.20112262224389
0 NETSAT-2
1 46507U 20068X   24302.83525050  .00032513  00000-0  15022-2 0  9993
2 46507  97.8188 263.7130 0004186 304.2968  55.7869 15.20112262224389
0 OBJECT K
1 47941U 21022K   24302.16432298  .00047615  00000-0  17040-2 0  9995
2 47941  97.4421 198.1761 0015635  44.2131 316.0355 15.28509792198720
0 OBJECT K
1 47941U 21022K   24302.49164598  .00048932  00000-0  17492-2 0  9990
2 47941  97.4421 198.5031 0015557  43.1554 317.0902 15.28540283198778
0 OBJECT K
1 47941U 21022K   24302.55710980  .00048873  00000-0  17468-2 0  9996
2 47941  97.4421 198.5686 0015543  42.9337 317.3113 15.28546517198789
0 OBJECT K
1 47941U 21022K   24302.81896185  .00051748  00000-0  18471-2 0  9997
2 47941  97.4421 198.8302 0015510  42.0570 318.1857 15.28574863198825
0 OBJECT K
1 47941U 21022K   24302.88442437  .00050730  00000-0  18108-2 0  9998
2 47941  97.4422 198.8956 0015499  41.8266 318.4155 15.28579851198833
0 OBJECT AD
1 47959U 21022AD  24302.15714468  .00076873  00000-0  21111-2 0  9997
2 47959  97.4416 201.2040 0013609  37.6409 322.5785 15.36857965197749
0 OBJECT AD
1 47959U 21022AD  24302.48268839  .00081019  00000-0  22201-2 0  9998
2 47959  97.4418 201.5330 0013473  36.8020 323.4146 15.36909822197791
0 OBJECT AD
1 47959U 21022AD  24302.54779602  .00080273  00000-0  21992-2 0  9997
2 47959  97.4418 201.5989 0013459  36.6484 323.5678 15.36919753197804
0 OBJECT AD
1 47959U 21022AD  24302.74311579  .00082557  00000-0  22585-2 0  9990
2 47959  97.4419 201.7966 0013439  36.1820 324.0330 15.36955117197837
0 OBJECT AD
1 47959U 21022AD  24302.93843155  .00087131  00000-0  23799-2 0  9992
2 47959  97.4419 201.9949 0013440  35.6523 324.5616 15.36983693197861
0 BEESAT-8
1 48085U 21022AP  24302.19575087  .00140653  00000-0  25583-2 0  9999
2 48085  97.4673 206.8192 0010698  33.9938 326.1996 15.48948894198330
0 BEESAT-8
1 48085U 21022AP  24302.26035278  .00146717  00000-0  26647-2 0  9999
2 48085  97.4680 206.8865 0010696  34.1252 326.0684 15.48968314198348
0 BEESAT-8
1 48085U 21022AP  24302.71254413  .00146492  00000-0  26489-2 0  9997
2 48085  97.4682 207.3541 0010576  33.2348 326.9565 15.49096905198414
0 LEDSAT
1 49069U 21073D   24302.08867585  .00065560  00000-0  19988-2 0  9998
2 49069  97.4233  12.9259 0016499 170.2122 189.9445 15.33579292176752
0 LEDSAT
1 49069U 21073D   24302.15392486  .00058361  00000-0  17808-2 0  9999
2 49069  97.4234  12.9914 0016505 169.9810 190.1765 15.33586907176769
0 LEDSAT
1 49069U 21073D   24302.15392486  .00058361  00000-0  17808-2 0  9999
2 49069  97.4234  12.9914 0016505 169.9810 190.1765 15.33586907176769
0 LEDSAT
1 49069U 21073D   24302.61065937  .00067113  00000-0  20417-2 0  9993
2 49069  97.4234  13.4507 0016424 168.1467 192.0165 15.33642419176836
0 LEDSAT
1 49069U 21073D   24302.61065937  .00067113  00000-0  20417-2 0  9993
2 49069  97.4234  13.4507 0016424 168.1467 192.0165 15.33642419176836
0 OBJECT L
1 57176U 23091L   24302.20416743  .00025334  00000-0  14490-2 0  9996
2 57176  97.5963 353.4563 0017096  31.4049 328.8199 15.12525768 73574
0 OBJECT L
1 57176U 23091L   24302.53494658  .00027631  00000-0  15787-2 0  9995
2 57176  97.5962 353.7853 0017031  30.3480 329.8733 15.12545187 73622
0 OBJECT L
1 57176U 23091L   24302.60110201  .00027442  00000-0  15678-2 0  9991
2 57176  97.5962 353.8511 0017019  30.1030 330.1175 15.12548740 73633
0 OBJECT L
1 57176U 23091L   24302.79956722  .00028639  00000-0  16353-2 0  9997
2 57176  97.5961 354.0488 0016997  29.5595 330.6592 15.12559184 73665
0 OBJECT L
1 57176U 23091L   24302.93187664  .00028722  00000-0  16397-2 0  9995
2 57176  97.5960 354.1805 0017006  29.0459 331.1714 15.12565757 73681
0 OBJECT AC
1 57192U 23091AC  24302.18516728  .00024231  00000-0  13856-2 0  9995
2 57192  97.5956 353.4685 0016799  30.6507 329.5701 15.12547919 73577
0 OBJECT AC
1 57192U 23091AC  24302.38363236  .00024540  00000-0  14028-2 0  9996
2 57192  97.5956 353.6659 0016755  30.0124 330.2063 15.12557656 73604
0 OBJECT AC
1 57192U 23091AC  24302.58209625  .00026008  00000-0  14857-2 0  9990
2 57192  97.5954 353.8633 0016738  29.2936 330.9229 15.12569300 73631
0 OBJECT AC
1 57192U 23091AC  24302.58209625  .00026008  00000-0  14857-2 0  9990
2 57192  97.5954 353.8633 0016738  29.2936 330.9229 15.12569300 73631
0 OBJECT AC
1 57192U 23091AC  24302.91286620  .00028645  00000-0  16346-2 0  9991
2 57192  97.5953 354.1925 0016722  28.1889 332.0243 15.12586929 73686
0 OBJECT AD
1 57193U 23091AD  24302.18012746  .00026246  00000-0  14743-2 0  9991
2 57193  97.5953 353.6177 0016426  31.5310 328.6902 15.13174979 73589
0 OBJECT AD
1 57193U 23091AD  24302.37851021  .00027338  00000-0  15348-2 0  9994
2 57193  97.5954 353.8153 0016382  30.8670 329.3520 15.13186317 73615
0 OBJECT AD
1 57193U 23091AD  24302.37851021  .00027338  00000-0  15348-2 0  9994
2 57193  97.5954 353.8153 0016382  30.8670 329.3520 15.13186317 73615
0 OBJECT AD
1 57193U 23091AD  24302.77527170  .00031337  00000-0  17566-2 0  9991
2 57193  97.5954 354.2106 0016367  29.5418 330.6734 15.13211144 73671
0 OBJECT AD
1 57193U 23091AD  24302.90752419  .00031336  00000-0  17562-2 0  9997
2 57193  97.5953 354.3423 0016374  29.1180 331.0960 15.13218028 73699
0 OBJECT AE
1 57194U 23091AE  24302.19529507  .00023854  00000-0  13669-2 0  9999
2 57194  97.5958 353.4461 0016781  31.7795 328.4444 15.12475076 73571
0 OBJECT AE
1 57194U 23091AE  24302.39376975  .00023816  00000-0  13644-2 0  9991
2 57194  97.5957 353.6435 0016734  31.1094 329.1124 15.12484375 73606
0 OBJECT AE
1 57194U 23091AE  24302.59224300  .00025506  00000-0  14602-2 0  9990
2 57194  97.5956 353.8409 0016694  30.3659 329.8535 15.12496631 73635
0 OBJECT AE
1 57194U 23091AE  24302.65840079  .00024693  00000-0  14138-2 0  9994
2 57194  97.5956 353.9069 0016694  30.1272 330.0915 15.12498666 73644
0 OBJECT AE
1 57194U 23091AE  24302.92302931  .00026884  00000-0  15379-2 0  9996
2 57194  97.5954 354.1703 0016692  29.1984 331.0176 15.12512311 73684
0 OBJECT AK
1 57199U 23091AK  24302.17559173  .00030128  00000-0  15915-2 0  9992
2 57199  97.5970 354.9422 0011547  20.6656 339.5041 15.15393567 73664
0 OBJECT AK
1 57199U 23091AK  24302.43971484  .00031412  00000-0  16581-2 0  9991
2 57199  97.5971 355.2064 0011529  19.8169 340.3508 15.15410630 73704
0 OBJECT AK
1 57199U 23091AK  24302.43971484  .00031412  00000-0  16581-2 0  9991
2 57199  97.5971 355.2064 0011529  19.8169 340.3508 15.15410630 73704
0 OBJECT AK
1 57199U 23091AK  24302.76986489  .00033653  00000-0  17745-2 0  9990
2 57199  97.5971 355.5364 0011494  18.9199 341.2458 15.15432960 73753
0 OBJECT AK
1 57199U 23091AK  24302.90192325  .00034279  00000-0  18068-2 0  9998
2 57199  97.5970 355.6684 0011498  18.4178 341.7468 15.15441865 73776
0 OBJECT AM
1 57201U 23091AM  24302.17629517  .00028863  00000-0  15270-2 0  9993
2 57201  97.5965 354.9098 0011523  20.8392 339.3307 15.15349073 73660
0 OBJECT AM
1 57201U 23091AM  24302.50645836  .00032045  00000-0  16932-2 0  9995
2 57201  97.5966 355.2397 0011470  19.8284 340.3392 15.15371310 73717
0 OBJECT AM
1 57201U 23091AM  24302.57249075  .00030446  00000-0  16091-2 0  9996
2 57201  97.5967 355.3057 0011464  19.6119 340.5552 15.15373950 73723
0 OBJECT AM
1 57201U 23091AM  24302.77058613  .00031994  00000-0  16898-2 0  9998
2 57201  97.5966 355.5039 0011457  19.0764 341.0894 15.15386593 73751
0 OBJECT AM
1 57201U 23091AM  24302.90264848  .00033911  00000-0  17899-2 0  9995
2 57201  97.5966 355.6360 0011440  18.5165 341.6481 15.15396033 73770
0 OBJECT AQ
1 57204U 23091AQ  24302.18772491  .00028512  00000-0  15003-2 0  9992
2 57204  97.5973 355.1070 0011295  14.8909 345.2654 15.15545423 73677
0 OBJECT AQ
1 57204U 23091AQ  24302.51784528  .00031767  00000-0  16694-2 0  9996
2 57204  97.5973 355.4371 0011263  13.7596 346.3941 15.15567709 73727
0 OBJECT AQ
1 57204U 23091AQ  24302.58386907  .00029722  00000-0  15625-2 0  9993
2 57204  97.5972 355.5031 0011263  13.5101 346.6431 15.15570119 73737
0 OBJECT AQ
1 57204U 23091AQ  24302.78193856  .00030638  00000-0  16098-2 0  9997
2 57204  97.5972 355.7011 0011228  12.8034 347.3481 15.15582543 73765
0 OBJECT AQ
1 57204U 23091AQ  24302.91398432  .00033893  00000-0  17792-2 0  9997
2 57204  97.5972 355.8333 0011208  12.3276 347.8228 15.15591845 73785
0 OBJECT AU
1 57208U 23091AU  24302.16410323  .00030314  00000-0  15888-2 0  9991
2 57208  97.5975 355.1240 0011192  15.4655 344.6917 15.15673930 73673
0 OBJECT AU
1 57208U 23091AU  24302.49419569  .00032896  00000-0  17221-2 0  9998
2 57208  97.5975 355.4541 0011211  14.4410 345.7140 15.15696737 73726
0 OBJECT AU
1 57208U 23091AU  24302.56021379  .00031396  00000-0  16439-2 0  9998
2 57208  97.5975 355.5201 0011207  14.2677 345.8870 15.15699976 73738
0 OBJECT AU
1 57208U 23091AU  24302.82428339  .00033289  00000-0  17415-2 0  9992
2 57208  97.5974 355.7843 0011184  13.5037 346.6492 15.15718213 73776
0 OBJECT AU
1 57208U 23091AU  24302.89030035  .00034462  00000-0  18022-2 0  9990
2 57208  97.5974 355.8502 0011165  13.2847 346.8677 15.15722921 73783
0 OBJECT F
1 58261U 23174F   24302.11425498  .00076083  00000-0  25020-2 0  9999
2 58261  97.4470  16.3679 0010689 134.2346 225.9774 15.31183266 53970
0 OBJECT F
1 58261U 23174F   24302.44100583  .00075994  00000-0  24957-2 0  9998
2 58261  97.4470  16.6965 0010669 132.9058 227.3080 15.31227472 54025
0 OBJECT F
1 58261U 23174F   24302.57170348  .00077134  00000-0  25312-2 0  9992
2 58261  97.4469  16.8276 0010616 132.3749 227.8393 15.31247385 54042
0 OBJECT F
1 58261U 23174F   24302.76774674  .00075658  00000-0  24809-2 0  9994
2 58261  97.4469  17.0242 0010605 131.7250 228.4899 15.31278659 54075
0 OBJECT F
1 58261U 23174F   24302.89843990  .00076794  00000-0  25162-2 0  9991
2 58261  97.4470  17.1553 0010613 131.4102 228.8053 15.31298329 54099
0 ENSO
1 58470U 23185J   24302.18598007  .00051926  00000-0  16885-2 0  9995
2 58470  97.4105   8.0617 0011208 163.6497 196.5108 15.31657276 50437
0 ENSO
1 58470U 23185J   24302.51263108  .00060085  00000-0  19492-2 0  9996
2 58470  97.4104   8.3888 0011164 162.3782 197.7849 15.31693098 50485
0 ENSO
1 58470U 23185J   24302.57796041  .00060514  00000-0  19625-2 0  9994
2 58470  97.4104   8.4541 0011151 162.1598 198.0037 15.31701107 50496
0 ENSO
1 58470U 23185J   24302.77394627  .00061523  00000-0  19934-2 0  9994
2 58470  97.4103   8.6500 0011119 161.6245 198.5401 15.31726006 50528
0 ENSO
1 58470U 23185J   24302.90460167  .00061000  00000-0  19757-2 0  9995
2 58470  97.4102   8.7805 0011176 161.3476 198.8178 15.31740180 50547
0 OBJECT B
1 59052U 24039B   24302.14608474  .00093305  00000-0  23032-2 0  9996
2 59052  97.4043 264.1246 0018268  99.1340 261.1974 15.39994395 36967
0 OBJECT B
1 59052U 24039B   24302.53594096  .00091987  00000-0  22659-2 0  9991
2 59052  97.4042 264.5192 0018182  98.0090 262.3220 15.40065632 37025
0 OBJECT B
1 59052U 24039B   24302.60091556  .00089624  00000-0  22078-2 0  9992
2 59052  97.4043 264.5848 0018175  97.9376 262.3934 15.40074074 37034
0 OBJECT B
1 59052U 24039B   24302.79583613  .00090255  00000-0  22206-2 0  9997
2 59052  97.4045 264.7817 0018177  97.5415 262.7897 15.40108745 37064
0 OBJECT B
1 59052U 24039B   24302.92578034  .00093885  00000-0  23067-2 0  9991
2 59052  97.4046 264.9132 0018184  97.1165 263.2150 15.40135936 37085
0 OBJECT C
1 59053U 24039C   24302.15971958  .00084373  00000-0  21086-2 0  9990
2 59053  97.4046 264.1006 0018506  99.9164 260.4172 15.39650822 36957
0 OBJECT C
1 59053U 24039C   24302.48467372  .00088451  00000-0  22051-2 0  9990
2 59053  97.4045 264.4293 0018469  99.0173 261.3164 15.39708951 37001
0 OBJECT C
1 59053U 24039C   24302.54966305  .00088595  00000-0  22079-2 0  9996
2 59053  97.4045 264.4950 0018455  98.9008 261.4328 15.39719656 37019
0 OBJECT C
1 59053U 24039C   24302.80961624  .00088861  00000-0  22112-2 0  9998
2 59053  97.4046 264.7575 0018451  98.4136 261.9203 15.39764455 37057
0 OBJECT C
1 59053U 24039C   24302.93958959  .00090438  00000-0  22481-2 0  9991
2 59053  97.4046 264.8891 0018456  97.9989 262.3352 15.39789761 37073
0 OBJECT D
1 59054U 24039D   24302.13577224  .00085860  00000-0  21241-2 0  9992
2 59054  97.4043 264.1334 0018160  99.8200 260.5098 15.39960435 36979
0 OBJECT D
1 59054U 24039D   24302.52563746  .00088028  00000-0  21722-2 0  9992
2 59054  97.4043 264.5278 0018111  98.6647 261.6652 15.40029816 37035
0 OBJECT D
1 59054U 24039D   24302.59061326  .00088290  00000-0  21778-2 0  9998
2 59054  97.4043 264.5934 0018109  98.5453 261.7846 15.40040648 37048
0 OBJECT D
1 59054U 24039D   24302.85051194  .00088608  00000-0  21821-2 0  9991
2 59054  97.4045 264.8562 0018136  97.9995 262.3310 15.40088389 37085
0 OBJECT D
1 59054U 24039D   24302.91548547  .00089067  00000-0  21924-2 0  9995
2 59054  97.4046 264.9219 0018163  97.8006 262.5303 15.40099933 37090
0 OBJECT E
1 59055U 24039E   24302.18212247  .00088753  00000-0  21871-2 0  9992
2 59055  97.4049 264.2345 0017893 100.1741 260.1525 15.40072406 36972
0 OBJECT E
1 59055U 24039E   24302.50698736  .00090555  00000-0  22265-2 0  9990
2 59055  97.4050 264.5632 0017886  99.3535 260.9735 15.40133321 37020
0 OBJECT E
1 59055U 24039E   24302.57195911  .00087547  00000-0  21528-2 0  9992
2 59055  97.4050 264.6288 0017890  99.1789 261.1482 15.40142116 37037
0 OBJECT E
1 59055U 24039E   24302.76687024  .00091594  00000-0  22481-2 0  9990
2 59055  97.4050 264.8260 0017939  98.8711 261.4567 15.40181430 37066
0 OBJECT E
1 59055U 24039E   24302.89680874  .00088224  00000-0  21646-2 0  9998
2 59055  97.4050 264.9575 0017956  98.4866 261.8416 15.40206015 37088
0 OBJECT F
1 59056U 24039F   24302.17729766  .00089285  00000-0  21996-2 0  9990
2 59056  97.4047 264.2365 0017784 100.2374 260.0879 15.40080416 36976
0 OBJECT F
1 59056U 24039F   24302.50216032  .00094941  00000-0  23322-2 0  9994
2 59056  97.4047 264.5651 0017767  99.4058 260.9197 15.40145172 37026
0 OBJECT F
1 59056U 24039F   24302.56713153  .00092161  00000-0  22641-2 0  9991
2 59056  97.4047 264.6308 0017763  99.3224 261.0032 15.40154242 37035
0 OBJECT F
1 59056U 24039F   24302.82701065  .00094674  00000-0  23211-2 0  9994
2 59056  97.4048 264.8936 0017784  98.8718 261.4542 15.40205361 37073
0 OBJECT F
1 59056U 24039F   24302.89197937  .00091779  00000-0  22502-2 0  9993
2 59056  97.4048 264.9592 0017785  98.6966 261.6295 15.40216473 37080
0 OBJECT G
1 59057U 24039G   24302.19755741  .00083855  00000-0  20847-2 0  9996
2 59057  97.4051 264.2142 0017952 100.5286 259.7983 15.39823109 36970
0 OBJECT G
1 59057U 24039G   24302.52247505  .00086198  00000-0  21382-2 0  9995
2 59057  97.4051 264.5427 0017928  99.5471 260.7801 15.39881337 37020
0 OBJECT G
1 59057U 24039G   24302.58745711  .00086515  00000-0  21452-2 0  9994
2 59057  97.4051 264.6084 0017928  99.4242 260.9032 15.39892280 37033
0 OBJECT G
1 59057U 24039G   24302.84738079  .00085304  00000-0  21122-2 0  9991
2 59057  97.4053 264.8710 0017978  98.8874 261.4408 15.39939497 37071
0 OBJECT G
1 59057U 24039G   24302.91236059  .00084886  00000-0  21012-2 0  9992
2 59057  97.4053 264.9369 0017987  98.6988 261.6296 15.39950392 37081
0 OBJECT H
1 59058U 24039H   24302.11699250  .00089224  00000-0  21959-2 0  9992
2 59058  97.4049 264.1707 0017763 100.4266 259.8983 15.40111542 36964
0 OBJECT H
1 59058U 24039H   24302.50681962  .00090668  00000-0  22259-2 0  9994
2 59058  97.4050 264.5650 0017741  99.4353 260.8899 15.40181586 37028
0 OBJECT H
1 59058U 24039H   24302.57178911  .00089507  00000-0  21970-2 0  9995
2 59058  97.4050 264.6307 0017741  99.3208 261.0045 15.40191846 37033
0 OBJECT H
1 59058U 24039H   24302.76669455  .00090166  00000-0  22103-2 0  9996
2 59058  97.4050 264.8279 0017777  99.0353 261.2905 15.40228004 37067
0 OBJECT H
1 59058U 24039H   24302.89662889  .00090574  00000-0  22182-2 0  9994
2 59058  97.4051 264.9594 0017802  98.6905 261.6359 15.40254774 37088
0 OBJECT J
1 59059U 24039J   24302.16466846  .00081935  00000-0  20124-2 0  9995
2 59059  97.4047 264.2539 0017754 100.5871 259.7376 15.40204487 36977
0 OBJECT J
1 59059U 24039J   24302.48950563  .00087438  00000-0  21418-2 0  9995
2 59059  97.4047 264.5825 0017726  99.6712 260.6538 15.40263585 37021
0 OBJECT J
1 59059U 24039J   24302.55447140  .00089188  00000-0  21833-2 0  9990
2 59059  97.4046 264.6484 0017709  99.6191 260.7057 15.40275525 37039
0 OBJECT J
1 59059U 24039J   24302.81433081  .00088978  00000-0  21749-2 0  9990
2 59059  97.4047 264.9112 0017718  99.0313 261.2939 15.40321672 37075
0 OBJECT J
1 59059U 24039J   24302.94425727  .00090648  00000-0  22134-2 0  9998
2 59059  97.4047 265.0431 0017714  98.6159 261.7095 15.40346698 37095
0 OBJECT K
1 59060U 24039K   24302.17411417  .00079083  00000-0  19583-2 0  9990
2 59060  97.4052 264.2431 0017716  99.8192 260.5055 15.39968443 36971
0 OBJECT K
1 59060U 24039K   24302.49900171  .00080113  00000-0  19801-2 0  9994
2 59060  97.4052 264.5717 0017691  99.0671 261.2578 15.40021507 37025
0 OBJECT K
1 59060U 24039K   24302.56397782  .00080476  00000-0  19883-2 0  9992
2 59060  97.4052 264.6374 0017689  98.9682 261.3567 15.40031640 37031
0 OBJECT K
1 59060U 24039K   24302.82387811  .00079812  00000-0  19692-2 0  9993
2 59060  97.4052 264.9002 0017713  98.3996 261.9259 15.40075729 37076
0 OBJECT K
1 59060U 24039K   24302.88885143  .00084217  00000-0  20755-2 0  9997
2 59060  97.4052 264.9661 0017712  98.2538 262.0717 15.40092172 37080
0 OBJECT L
1 59061U 24039L   24302.14315736  .00087385  00000-0  21275-2 0  9990
2 59061  97.4045 264.2807 0017616  99.8155 260.5081 15.40450968 36978
0 OBJECT L
1 59061U 24039L   24302.53289718  .00091087  00000-0  22112-2 0  9998
2 59061  97.4044 264.6753 0017542  98.6964 261.6270 15.40524974 37033
0 OBJECT L
1 59061U 24039L   24302.59785240  .00087918  00000-0  21346-2 0  9991
2 59061  97.4045 264.7409 0017542  98.6155 261.7080 15.40533440 37044
0 OBJECT L
1 59061U 24039L   24302.79271463  .00090985  00000-0  22054-2 0  9995
2 59061  97.4045 264.9381 0017562  98.2532 262.0706 15.40570791 37074
0 OBJECT L
1 59061U 24039L   24302.85766772  .00091142  00000-0  22082-2 0  9991
2 59061  97.4046 265.0038 0017568  98.0378 262.2862 15.40583779 37084
0 OBJECT M
1 59062U 24039M   24302.20731420  .00084998  00000-0  20697-2 0  9994
2 59062  97.4044 264.3466 0017559 100.0142 260.3087 15.40457106 36983
0 OBJECT M
1 59062U 24039M   24302.53209732  .00092814  00000-0  22529-2 0  9998
2 59062  97.4042 264.6754 0017507  99.0317 261.2911 15.40521389 37036
0 OBJECT M
1 59062U 24039M   24302.59705265  .00091078  00000-0  22106-2 0  9998
2 59062  97.4043 264.7411 0017509  98.9500 261.3730 15.40530749 37043
0 OBJECT M
1 59062U 24039M   24302.79191499  .00093825  00000-0  22735-2 0  9998
2 59062  97.4044 264.9382 0017522  98.6036 261.7196 15.40569562 37077
0 OBJECT M
1 59062U 24039M   24302.92182090  .00092903  00000-0  22496-2 0  9990
2 59062  97.4046 265.0696 0017543  98.1362 262.1875 15.40593849 37095
0 OBJECT N
1 59063U 24039N   24302.19159270  .00089046  00000-0  21579-2 0  9999
2 59063  97.4046 264.3711 0017326  99.9211 260.3992 15.40590217 36980
0 OBJECT N
1 59063U 24039N   24302.51634818  .00091239  00000-0  22059-2 0  9992
2 59063  97.4046 264.6999 0017305  99.0461 261.2745 15.40652152 37036
0 OBJECT N
1 59063U 24039N   24302.58129800  .00088706  00000-0  21447-2 0  9994
2 59063  97.4047 264.7656 0017314  98.8874 261.4334 15.40661631 37042
0 OBJECT N
1 59063U 24039N   24302.84109137  .00091934  00000-0  22179-2 0  9994
2 59063  97.4047 265.0285 0017363  98.4226 261.8990 15.40713519 37084
0 OBJECT N
1 59063U 24039N   24302.90603885  .00088420  00000-0  21335-2 0  9999
2 59063  97.4048 265.0943 0017374  98.2356 262.0862 15.40722831 37099
0 OBJECT R
1 59066U 24039R   24302.11638113  .00015434  00000-0  14070-2 0  9990
2 59066  95.3908 187.4733 0162642 244.8302 113.5977 14.85537370 35823
0 OBJECT R
1 59066U 24039R   24302.45317944  .00014011  00000-0  12774-2 0  9992
2 59066  95.3908 187.7019 0162649 243.6518 114.7924 14.85545659 35875
0 OBJECT R
1 59066U 24039R   24302.58789809  .00014710  00000-0  13407-2 0  9999
2 59066  95.3908 187.7933 0162650 243.1829 115.2680 14.85550759 35896
0 OBJECT R
1 59066U 24039R   24302.78997543  .00015087  00000-0  13747-2 0  9992
2 59066  95.3908 187.9305 0162645 242.4779 115.9834 14.85557296 35926
0 OBJECT R
1 59066U 24039R   24302.92469329  .00015092  00000-0  13750-2 0  9994
2 59066  95.3908 188.0218 0162653 242.0086 116.4596 14.85560974 35947
0 OBJECT S
1 59067U 24039S   24302.12136923  .00013998  00000-0  12800-2 0  9996
2 59067  95.3907 187.4680 0162775 244.8815 113.5442 14.85422856 35829
0 OBJECT S
1 59067U 24039S   24302.52555750  .00014728  00000-0  13459-2 0  9996
2 59067  95.3907 187.7422 0162795 243.4696 114.9756 14.85435736 35880
0 OBJECT S
1 59067U 24039S   24302.59292188  .00014825  00000-0  13546-2 0  9991
2 59067  95.3907 187.7879 0162800 243.2351 115.2135 14.85438024 35898
0 OBJECT S
1 59067U 24039S   24302.72765062  .00014315  00000-0  13081-2 0  9990
2 59067  95.3907 187.8792 0162801 242.7650 115.6905 14.85441321 35916
0 OBJECT S
1 59067U 24039S   24302.92974306  .00014518  00000-0  13263-2 0  9992
2 59067  95.3907 188.0165 0162813 242.0557 116.4102 14.85446740 35946
0 OBJECT T
1 59068U 24039T   24302.16158944  .00014465  00000-0  13156-2 0  9993
2 59068  95.3906 187.5441 0162229 244.4294 114.0083 14.85677332 35835
0 OBJECT T
1 59068U 24039T   24302.49835592  .00015469  00000-0  14063-2 0  9993
2 59068  95.3908 187.7727 0162195 243.2496 115.2050 14.85688252 35884
0 OBJECT T
1 59068U 24039T   24302.56570895  .00015480  00000-0  14072-2 0  9996
2 59068  95.3908 187.8184 0162188 243.0142 115.4440 14.85690423 35899
0 OBJECT T
1 59068U 24039T   24302.76776730  .00015959  00000-0  14504-2 0  9995
2 59068  95.3909 187.9555 0162178 242.3056 116.1630 14.85697352 35929
0 OBJECT T
1 59068U 24039T   24302.90247254  .00016071  00000-0  14604-2 0  9992
2 59068  95.3909 188.0469 0162180 241.8335 116.6422 14.85701158 35948
0 OBJECT U
1 59071U 24039U   24302.15494305  .00013985  00000-0  12711-2 0  9992
2 59071  95.3907 187.5527 0162064 244.4231 114.0164 14.85725796 35831
0 OBJECT U
1 59071U 24039U   24302.49169849  .00015224  00000-0  13830-2 0  9992
2 59071  95.3908 187.7813 0162035 243.2396 115.2169 14.85736760 35885
0 OBJECT U
1 59071U 24039U   24302.62640007  .00015169  00000-0  13779-2 0  9997
2 59071  95.3908 187.8728 0162028 242.7683 115.6950 14.85740928 35902
0 OBJECT U
1 59071U 24039U   24302.76110126  .00015399  00000-0  13986-2 0  9991
2 59071  95.3909 187.9642 0162010 242.2984 116.1721 14.85745212 35924
0 OBJECT U
1 59071U 24039U   24302.96315241  .00015805  00000-0  14351-2 0  9997
2 59071  95.3909 188.1014 0162009 241.5884 116.8928 14.85751225 35959
0 OBJECT C
1 60237U 24128C   24302.55753767  .00012972  00000-0  10774-2 0  9993
2 60237  61.9928 138.5547 0023087 356.9506   3.1438 14.98860951 16571
0 OBJECT C
1 60237U 24128C   24302.55753767  .00012972  00000-0  10774-2 0  9993
2 60237  61.9928 138.5547 0023087 356.9506   3.1438 14.98860951 16571
0 OBJECT C
1 60237U 24128C   24302.82438798  .00013423  00000-0  11140-2 0  9997
2 60237  61.9929 137.6287 0023059 357.0814   3.0136 14.98868303 16614
0 OBJECT C
1 60237U 24128C   24302.89110014  .00012366  00000-0  10277-2 0  9997
2 60237  61.9931 137.3979 0023091 357.1597   2.9357 14.98869345 16628
0 OOV-CUBE
1 60240U 24128F   24302.01467156  .00009517  00000-0  81974-3 0  9994
2 60240  61.9968 140.9510 0021147 350.8490   9.2210 14.97717721 16497
0 OOV-CUBE
1 60240U 24128F   24302.54877980  .00009288  00000-0  80022-3 0  9990
2 60240  61.9966 139.1034 0021213 351.1189   8.9521 14.97727200 16572
0 OOV-CUBE
1 60240U 24128F   24302.88259552  .00009683  00000-0  83337-3 0  9997
2 60240  61.9966 137.9485 0021258 351.2492   8.8223 14.97733689 16627
0 ROBUSTA-3A
1 60243U 24128J   24302.54643086  .00019134  00000-0  15882-2 0  9993
2 60243  61.9902 139.0051 0021251 342.0977  17.9361 14.98689901 16577
0 ROBUSTA-3A
1 60243U 24128J   24302.54643086  .00019134  00000-0  15882-2 0  9993
2 60243  61.9902 139.0051 0021251 342.0977  17.9361 14.98689901 16577
0 ROBUSTA-3A
1 60243U 24128J   24302.81331135  .00020001  00000-0  16587-2 0  9990
2 60243  61.9902 138.0803 0021295 342.2166  17.8175 14.98701036 16612
