0 NAVSTAR 43 (USA 132)
1 24876U 97035A   24302.39915371  .00000082  00000-0  00000+0 0  9999
2 24876  55.7149 121.9219 0085478  54.7594 306.0903  2.00561667199789
0 NAVSTAR 43 (USA 132)
1 24876U 97035A   24302.39915371  .00000082  00000-0  00000-0 0  9990
2 24876  55.7149 121.9219 0085478  54.7594 306.0903  2.00561667199981
0 NAVSTAR 43 (USA 132)
1 24876U 97035A   24302.89773807  .00000082  00000-0  00000-0 0  9991
2 24876  55.7152 121.9024 0085492  54.7671 306.0822  2.00561669199994
0 NAVSTAR 47 (USA 150)
1 26360U 00025A   24302.01239243 -.00000089  00000-0  00000-0 0  9997
2 26360  54.7713  43.4781 0039809 220.0395 310.3282  2.00569476179299
0 NAVSTAR 48 (USA 151)
1 26407U 00040A   24302.49747413 -.00000049  00000-0  00000+0 0  9996
2 26407  55.0170 238.8805 0140960 296.6575  61.8162  2.00562089177970
0 NAVSTAR 48 (USA 151)
1 26407U 00040A   24302.49747413 -.00000049  00000-0  00000-0 0  9997
2 26407  55.0170 238.8805 0140960 296.6575  61.8162  2.00562089177981
0 NAVSTAR 51 (USA 166)
1 27663U 03005A   24302.53555285 -.00000049  00000-0  00000+0 0  9994
2 27663  55.0542 238.6902 0139702  48.0742 118.4102  2.00567274159335
0 NAVSTAR 51 (USA 166)
1 27663U 03005A   24302.53555285 -.00000049  00000-0  00000-0 0  9995
2 27663  55.0542 238.6902 0139702  48.0742 118.4102  2.00567274159346
0 NAVSTAR 51 (USA 166)
1 27663U 03005A   24302.81838716 -.00000047  00000-0  00000-0 0  9997
2 27663  55.0541 238.6790 0139721  48.0770 322.6323  2.00567261159353
0 NAVSTAR 54 (USA 177)
1 28190U 04009A   24302.34195817 -.00000045  00000-0  00000+0 0  9991
2 28190  55.3409 299.7136 0098912 154.3031  24.7733  2.00555291151003
0 NAVSTAR 54 (USA 177)
1 28190U 04009A   24302.34195817 -.00000045  00000-0  00000-0 0  9992
2 28190  55.3409 299.7136 0098912 154.3031  24.7733  2.00555291150978
0 NAVSTAR 56 (USA 180)
1 28474U 04045A   24302.52341083 -.00000091  00000-0  00000-0 0  9996
2 28474  55.3972 348.8727 0165428 296.0256  61.4323  2.00562758146457
0 NAVSTAR 56 (USA 180)
1 28474U 04045A   24302.75091428 -.00000090  00000-0  00000-0 0  9995
2 28474  55.3971 348.8635 0165431 296.0327 225.6929  2.00562763146460
0 NAVSTAR 57 (USA 183)
1 28874U 05038A   24302.80833236 -.00000045  00000-0  00000-0 0  9999
2 28874  55.3859 297.1605 0137383 286.3682 254.7048  2.00576500139879
0 NAVSTAR 58 (USA 190)
1 29486U 06042A   24302.43414236  .00000037  00000-0  00000-0 0  9999
2 29486  54.6755 175.0092 0105206  42.5918 128.4220  2.00573558132426
0 NAVSTAR 59 (USA 192)
1 29601U 06052A   24302.11570242 -.00000051  00000-0  00000-0 0  9991
2 29601  55.0888 237.6940 0085648  83.7386 277.2263  2.00574991131439
0 NAVSTAR 59 (USA 192)
1 29601U 06052A   24302.61425335 -.00000048  00000-0  00000-0 0  9994
2 29601  55.0886 237.6743 0085662  83.7398 277.2254  2.00575028131440
0 NAVSTAR 60 (USA 196)
1 32260U 07047A   24302.42390276  .00000052  00000-0  00000-0 0  9992
2 32260  53.6829 104.7294 0159502  78.3554 283.4542  2.00557978124849
0 NAVSTAR 61 (USA 199)
1 32384U 07062A   24302.48505815 -.00000044  00000-0  00000+0 0  9990
2 32384  55.5283 298.0558 0027921 157.9182  14.9221  2.00554527123602
0 NAVSTAR 61 (USA 199)
1 32384U 07062A   24302.48505815 -.00000044  00000-0  00000-0 0  9991
2 32384  55.5283 298.0558 0027921 157.9182  14.9221  2.00554527123545
0 NAVSTAR 62 (USA 201)
1 32711U 08012A   24302.83597702  .00000045  00000-0  00000-0 0  9996
2 32711  54.4500 173.7232 0189855 240.2343 117.9539  2.00572217121794
0 NAVSTAR 64 (USA 206)
1 35752U 09043A   24302.05629226 -.00000074  00000-0  00000-0 0  9993
2 35752  55.7841  51.0099 0055376  76.0517  93.9647  2.00561801111385
0 NAVSTAR 65 (USA 213)
1 36585U 10022A   24302.19045865 -.00000049  00000-0  00000-0 0  9995
2 36585  54.4036 232.6322 0117647  62.2528 321.7587  2.00558304105626
0 NAVSTAR 67 (USA 239)
1 38833U 12053A   24302.02287707  .00000042  00000-0  00000-0 0  9996
2 38833  53.5189 168.0417 0159831  58.2119 303.4272  2.00560626 87461
0 NAVSTAR 69 (USA 248)
1 39533U 14008A   24302.87701116  .00000044  00000-0  00000-0 0  9996
2 39533  53.5999 173.6242 0072711 220.2989 139.2508  2.00549945 77729
0 NAVSTAR 69 (USA 248)
1 39533U 14008A   24302.87701124  .00000044  00000-0  00000+0 0  9994
2 39533  53.5999 173.6242 0072713 220.2937 139.2560  2.00549963 78273
0 NAVSTAR 69 (USA 248)
1 39533U 14008A   24302.87701124  .00000044  00000-0  00000-0 0  9995
2 39533  53.5999 173.6242 0072713 220.2937 139.2560  2.00549963 77722
0 NAVSTAR 70 (USA 251)
1 39741U 14026A   24302.16327714 -.00000096  00000-0  00000+0 0  9994
2 39741  56.6953 354.7160 0033639 312.9247  46.8524  2.00558949 76552
0 NAVSTAR 70 (USA 251)
1 39741U 14026A   24302.16327714 -.00000096  00000-0  00000-0 0  9995
2 39741  56.6953 354.7160 0033639 312.9247  46.8524  2.00558949 76563
0 NAVSTAR 70 (USA 251)
1 39741U 14026A   24302.66187455 -.00000094  00000-0  00000-0 0  9994
2 39741  56.6953 354.6967 0033672 312.9162  46.8618  2.00558909 76571
0 NAVSTAR 71 (USA 256)
1 40105U 14045A   24302.74889266  .00000068  00000-0  00000+0 0  9998
2 40105  54.9943 112.2700 0029783 116.6442 243.6960  2.00575306 75002
0 NAVSTAR 71 (USA 256)
1 40105U 14045A   24302.74889266  .00000068  00000-0  00000-0 0  9999
2 40105  54.9943 112.2700 0029783 116.6442 243.6960  2.00575306 74113
0 NAVSTAR 72 (USA 258)
1 40294U 14068A   24302.12832285 -.00000067  00000-0  00000+0 0  9993
2 40294  56.5352  54.0631 0054707  65.6861 294.8780  2.00568385 73219
0 NAVSTAR 72 (USA 258)
1 40294U 14068A   24302.12832285 -.00000067  00000-0  00000-0 0  9994
2 40294  56.5352  54.0631 0054707  65.6861 294.8780  2.00568385 73231
0 NAVSTAR 72 (USA 258)
1 40294U 14068A   24302.62689415 -.00000068  00000-0  00000-0 0  9995
2 40294  56.5356  54.0437 0054694  65.6817 294.8817  2.00568409 73244
0 NAVSTAR 73 (USA 260)
1 40534U 15013A   24302.75780965 -.00000044  00000-0  00000+0 0  9992
2 40534  53.3010 228.8644 0093346  31.5313 329.0266  2.00557648 70287
0 NAVSTAR 73 (USA 260)
1 40534U 15013A   24302.75780965 -.00000044  00000-0  00000-0 0  9993
2 40534  53.3010 228.8644 0093346  31.5313 329.0266  2.00557648 69869
0 NAVSTAR 74 (USA 262)
1 40730U 15033A   24302.42069181 -.00000045  00000-0  00000+0 0  9997
2 40730  54.4815 291.6109 0097803  20.1266 340.2587  2.00560301 68049
0 NAVSTAR 74 (USA 262)
1 40730U 15033A   24302.91927822 -.00000047  00000-0  00000-0 0  9999
2 40730  54.4811 291.5905 0097829  20.1357 340.2484  2.00560259 68034
0 NAVSTAR 76 (USA 266)
1 41328U 16007A   24302.06476118  .00000070  00000-0  00000-0 0  9993
2 41328  55.1843 113.1695 0081550 238.5157 120.7215  2.00555397 63869
0 NAVSTAR 77 (USA 289)
1 43873U 18109A   24302.72938071  .00000074  00000-0  00000+0 0  9992
2 43873  55.3532 115.7487 0031484 191.7607 179.7047  2.00561297 43064
0 NAVSTAR 77 (USA 289)
1 43873U 18109A   24302.72938071  .00000074  00000-0  00000-0 0  9993
2 43873  55.3532 115.7487 0031484 191.7607 179.7047  2.00561297 43110
0 NAVSTAR 78 (USA 293)
1 44506U 19056A   24302.58646751 -.00000096  00000-0  00000-0 0  9999
2 44506  55.8288 354.8074 0048265 192.8496 340.3436  2.00557728 38103
0 NAVSTAR 79 (USA 304)
1 45854U 20041A   24302.93014306 -.00000073  00000-0  00000+0 0  9990
2 45854  56.2356  52.1829 0049007 195.3925 163.1835  2.00570727 32075
0 NAVSTAR 80 (USA 309)
1 46826U 20078A   24302.20588924 -.00000050  00000-0  00000-0 0  9998
2 46826  54.1332 235.0056 0050325 198.8624 331.2137  2.00560494 29539
0 NAVSTAR 81 (USA 319)
1 48859U 21054A   24302.71962741 -.00000098  00000-0  00000+0 0  9991
2 48859  55.3567 356.3921 0018853 225.7191 138.4106  2.00576785 24782
0 NAVSTAR 81 (USA 319)
1 48859U 21054A   24302.71962741 -.00000098  00000-0  00000-0 0  9992
2 48859  55.3567 356.3921 0018853 225.7191 138.4106  2.00576785 24793
